PERMNO        date           nflx        vwretd        ewretd        sprtrn
   89393    20090102      -0.000669      0.030501      0.038274      0.031608
   89393    20090105       0.069300     -0.000580      0.016764     -0.004668
   89393    20090106       0.031309      0.011297      0.033647      0.007817
   89393    20090107      -0.006982     -0.030489     -0.022271     -0.030010
   89393    20090108       0.013452      0.006283      0.011896      0.003397
   89393    20090109      -0.026848     -0.022410     -0.018748     -0.021303
   89393    20090112      -0.032548     -0.025560     -0.026589     -0.022564
   89393    20090113      -0.008651      0.003514      0.003554      0.001758
   89393    20090114      -0.045249     -0.035197     -0.035065     -0.033460
   89393    20090115       0.070413      0.004632      0.005630      0.001329
   89393    20090116      -0.011385      0.008439      0.008792      0.007562
   89393    20090120      -0.045745     -0.055273     -0.051506     -0.052816
   89393    20090121       0.028830      0.043228      0.036151      0.043491
   89393    20090122       0.004888     -0.018218     -0.021960     -0.015162
   89393    20090123      -0.012970      0.006841      0.003373      0.005378
   89393    20090126      -0.009527      0.006132      0.010067      0.005553
   89393    20090127       0.154892      0.011296      0.010037      0.010926
   89393    20090128       0.038484      0.033780      0.030523      0.033558
   89393    20090129       0.019912     -0.032823     -0.028890     -0.033120
   89393    20090130      -0.020065     -0.020768     -0.012829     -0.022789
   89393    20090202       0.022413     -0.001067      0.001559     -0.000533
   89393    20090203      -0.005683      0.014357      0.008983      0.015834
   89393    20090204       0.002994     -0.004440     -0.004053     -0.007489
   89393    20090205       0.016825      0.015526      0.011978      0.016366
   89393    20090206      -0.012543      0.027933      0.026723      0.026896
   89393    20090209      -0.001622      0.001233      0.000768      0.001485
   89393    20090210      -0.020845     -0.045998     -0.035051     -0.049121
   89393    20090211       0.000000      0.007304      0.004636      0.007955
   89393    20090212       0.048659      0.002613     -0.000766      0.001739
   89393    20090213       0.016082     -0.008815     -0.002111     -0.009998
   89393    20090217      -0.034250     -0.045266     -0.041883     -0.045559
   89393    20090218      -0.005911     -0.003761     -0.011621     -0.000950
   89393    20090219       0.002432     -0.011170     -0.015135     -0.012024
   89393    20090220      -0.007819     -0.011762     -0.020020     -0.011413
   89393    20090223      -0.033152     -0.036124     -0.030842     -0.034699
   89393    20090224       0.013491      0.040182      0.037750      0.040103
   89393    20090225      -0.007488     -0.010666     -0.015518     -0.010658
   89393    20090226      -0.000279     -0.012148     -0.007036     -0.015780
   89393    20090227       0.012856     -0.019050     -0.010451     -0.023564
   89393    20090302      -0.052152     -0.049810     -0.055698     -0.046620
   89393    20090303       0.058515     -0.006325     -0.013924     -0.006407
   89393    20090304       0.037129      0.025902      0.029680      0.023753
   89393    20090305       0.005039     -0.041836     -0.049091     -0.042532
   89393    20090306       0.007388      0.001617     -0.002234      0.001216
   89393    20090309       0.008381     -0.011360     -0.016324     -0.010024
   89393    20090310       0.000000      0.063381      0.062630      0.063663
   89393    20090311      -0.026234      0.004059      0.005505      0.002446
   89393    20090312       0.065884      0.041915      0.051270      0.040729
   89393    20090313      -0.014765      0.006025      0.009588      0.007739
   89393    20090316      -0.018034     -0.004790      0.001275     -0.003516
   89393    20090317       0.055096      0.031010      0.030369      0.032140
   89393    20090318       0.020348      0.022361      0.034165      0.020858
   89393    20090319      -0.002643     -0.007990      0.007670     -0.012979
   89393    20090320       0.003373     -0.020300     -0.014139     -0.019769
   89393    20090323       0.042017      0.069054      0.064792      0.070758
   89393    20090324       0.000461     -0.019962     -0.016054     -0.020415
   89393    20090325      -0.042837      0.009016      0.017815      0.009626
   89393    20090326       0.004572      0.025259      0.035806      0.023320
   89393    20090327      -0.049581     -0.021632     -0.021529     -0.020316
   89393    20090330       0.059224     -0.036229     -0.031872     -0.034819
   89393    20090331       0.021175      0.014244      0.020144      0.013130
   89393    20090401      -0.001165      0.017208      0.015828      0.016557
   89393    20090402       0.006065      0.031717      0.039004      0.028727
   89393    20090403      -0.001391      0.011632      0.012703      0.009732
   89393    20090406       0.033202     -0.009799     -0.007213     -0.008332
   89393    20090407      -0.017978     -0.024644     -0.020098     -0.023855
   89393    20090408       0.013272      0.013118      0.017512      0.011783
   89393    20090409       0.060298      0.039485      0.045859      0.038053
   89393    20090413       0.052609      0.003952      0.007468      0.002533
   89393    20090414      -0.032780     -0.019504     -0.012727     -0.020065
   89393    20090415      -0.025314      0.012434      0.013648      0.012549
   89393    20090416       0.036059      0.016087      0.020373      0.015539
   89393    20090417       0.011601      0.006018      0.013755      0.004969
   89393    20090420       0.015974     -0.044751     -0.042003     -0.042790
   89393    20090421      -0.060673      0.022725      0.029020      0.021252
   89393    20090422      -0.015451     -0.005673      0.005406     -0.007682
   89393    20090423      -0.012206      0.009216      0.001729      0.009922
   89393    20090424      -0.057149      0.018994      0.021507      0.016797
   89393    20090427       0.085186     -0.011384     -0.011690     -0.010067
   89393    20090428      -0.004097     -0.002822      0.005018     -0.002740
   89393    20090429      -0.020572      0.024493      0.028567      0.021610
   89393    20090430       0.001769     -0.000435      0.004244     -0.000950
   89393    20090501      -0.018318      0.005980      0.008472      0.005396
   89393    20090504       0.010342      0.035866      0.037638      0.033868
   89393    20090505       0.003783     -0.003456      0.002787     -0.003792
   89393    20090506      -0.046996      0.016030      0.015205      0.017404
   89393    20090507      -0.070249     -0.015464     -0.011281     -0.013202
   89393    20090508       0.006255      0.027318      0.034000      0.024069
   89393    20090511      -0.015415     -0.020737     -0.006809     -0.021512
   89393    20090512       0.018434     -0.002660     -0.005772     -0.000979
   89393    20090513      -0.066452     -0.031143     -0.036948     -0.026895
   89393    20090514      -0.015139      0.012408      0.013597      0.010352
   89393    20090515       0.038296     -0.010643     -0.008198     -0.011410
   89393    20090518       0.007013      0.033016      0.034462      0.030389
   89393    20090519       0.022182      0.000506      0.004847     -0.001737
   89393    20090520       0.015645     -0.001787      0.000386     -0.005131
   89393    20090521      -0.028323     -0.016573     -0.013909     -0.016758
   89393    20090522      -0.007926     -0.000097      0.000888     -0.001497
   89393    20090526       0.033247      0.028116      0.027228      0.026302
   89393    20090527      -0.028935     -0.017272     -0.010079     -0.018971
   89393    20090528      -0.010018      0.015061      0.008296      0.015419
   89393    20090529       0.022833      0.014744      0.014973      0.013575
   89393    20090601       0.038559      0.027024      0.029234      0.025818
   89393    20090602       0.005618      0.003102      0.006477      0.001983
   89393    20090603      -0.016274     -0.017261     -0.010874     -0.013739
   89393    20090604       0.005185      0.013639      0.019881      0.011484
   89393    20090605      -0.037337     -0.003115      0.001207     -0.002515
   89393    20090608      -0.009696     -0.002647     -0.003553     -0.001011
   89393    20090609       0.005153      0.005493      0.008719      0.003503
   89393    20090610      -0.029480     -0.002837     -0.002291     -0.003480
   89393    20090611      -0.003170      0.007218      0.010810      0.006112
   89393    20090612       0.002650     -0.001359     -0.002603      0.001397
   89393    20090615       0.008457     -0.025417     -0.023409     -0.023769
   89393    20090616      -0.008648     -0.013118     -0.011482     -0.012720
   89393    20090617       0.067935     -0.003016     -0.001874     -0.001382
   89393    20090618       0.022525      0.006611      0.003136      0.008411
   89393    20090619       0.006778      0.004106      0.006317      0.003114
   89393    20090622      -0.025006     -0.033150     -0.033322     -0.030600
   89393    20090623      -0.024168      0.002263     -0.002680      0.002307
   89393    20090624       0.000505      0.008940      0.008663      0.006524
   89393    20090625       0.038394      0.021621      0.021950      0.021444
   89393    20090626      -0.018001      0.000870      0.009695     -0.001478
   89393    20090629       0.020560      0.007693      0.002620      0.009065
   89393    20090630       0.003398     -0.007753     -0.001692     -0.008531
   89393    20090701      -0.017417      0.006079      0.011727      0.004362
   89393    20090702      -0.017233     -0.028146     -0.024530     -0.029145
   89393    20090706      -0.003507     -0.001709     -0.008867      0.002566
   89393    20090707      -0.024635     -0.019557     -0.015998     -0.019684
   89393    20090708      -0.002577     -0.003653     -0.010970     -0.001669
   89393    20090709       0.032300      0.004872      0.005021      0.003547
   89393    20090710       0.003004     -0.003390     -0.000116     -0.004022
   89393    20090713       0.052907      0.023932      0.016221      0.024934
   89393    20090714       0.026310      0.007252      0.008311      0.005316
   89393    20090715       0.025635      0.031138      0.029617      0.029630
   89393    20090716      -0.006305      0.009457      0.008224      0.008642
   89393    20090717       0.000227     -0.000099     -0.001876     -0.000383
   89393    20090720       0.015406      0.013489      0.015346      0.011432
   89393    20090721      -0.000892      0.002491     -0.001750      0.003627
   89393    20090722       0.011166      0.000625      0.006326     -0.000534
   89393    20090723       0.026060      0.024245      0.022672      0.023290
   89393    20090724      -0.091692      0.004319      0.006538      0.003042
   89393    20090727      -0.011848      0.003430      0.007161      0.002982
   89393    20090728       0.015348     -0.003762      0.001287     -0.002606
   89393    20090729       0.008503     -0.006491     -0.005145     -0.004563
   89393    20090730       0.021311      0.013390      0.015049      0.011896
   89393    20090731       0.007567      0.002684      0.004968      0.000740
   89393    20090803       0.023441      0.017978      0.019051      0.015342
   89393    20090804      -0.017567      0.002504      0.006835      0.003012
   89393    20090805       0.002943     -0.002039      0.000603     -0.002914
   89393    20090806      -0.018280     -0.007496     -0.007208     -0.005625
   89393    20090807       0.034483      0.013312      0.017849      0.013439
   89393    20090810       0.017778     -0.004375      0.002095     -0.003345
   89393    20090811       0.006332     -0.013754     -0.011713     -0.012660
   89393    20090812       0.004122      0.012274      0.012435      0.011525
   89393    20090813       0.000000      0.008375      0.007157      0.006880
   89393    20090814      -0.038678     -0.010003     -0.012073     -0.008531
   89393    20090817      -0.031018     -0.026003     -0.025879     -0.024261
   89393    20090818       0.010206      0.012012      0.015007      0.010146
   89393    20090819       0.030310      0.006917      0.006590      0.006861
   89393    20090820       0.002452      0.010675      0.010307      0.010949
   89393    20090821       0.002668      0.018207      0.016437      0.018623
   89393    20090824      -0.017295     -0.000862      0.001050     -0.000546
   89393    20090825       0.003159      0.002731      0.005311      0.002369
   89393    20090826      -0.011021     -0.000800      0.003465      0.000117
   89393    20090827      -0.005003      0.003054      0.002991      0.002782
   89393    20090828       0.010743     -0.001423     -0.001743     -0.001988
   89393    20090831      -0.013342     -0.009180     -0.009000     -0.008076
   89393    20090901      -0.033922     -0.021946     -0.019637     -0.022124
   89393    20090902      -0.008778     -0.002636     -0.000628     -0.003296
   89393    20090903      -0.035663      0.010692      0.010589      0.008535
   89393    20090904       0.016381      0.013982      0.013220      0.013118
   89393    20090908       0.012943      0.010417      0.011746      0.008845
   89393    20090909       0.042189      0.007777      0.011660      0.007782
   89393    20090910       0.006246      0.011151      0.012918      0.010422
   89393    20090911      -0.019310      0.000080      0.002029     -0.001350
   89393    20090914       0.014533      0.006382      0.008107      0.006339
   89393    20090915       0.039048      0.006169      0.009201      0.003135
   89393    20090916       0.040694      0.016261      0.017454      0.015324
   89393    20090917      -0.007692     -0.003709     -0.000030     -0.003060
   89393    20090918       0.020672      0.001857      0.002461      0.002637
   89393    20090921       0.002110     -0.004269     -0.001788     -0.003407
   89393    20090922       0.004842      0.008552      0.009561      0.006575
   89393    20090923      -0.018437     -0.010370     -0.004688     -0.010068
   89393    20090924      -0.004909     -0.012666     -0.015964     -0.009511
   89393    20090925      -0.007722     -0.006349     -0.002456     -0.006091
   89393    20090928      -0.006269      0.017946      0.015754      0.017810
   89393    20090929       0.006308     -0.001067      0.000059     -0.002230
   89393    20090930      -0.001946     -0.002880     -0.004316     -0.003328
   89393    20091001      -0.033572     -0.027084     -0.024204     -0.025760
   89393    20091002       0.002241     -0.005305     -0.006507     -0.004506
   89393    20091005       0.015653      0.016008      0.015677      0.014875
   89393    20091006       0.016513      0.014545      0.013401      0.013705
   89393    20091007       0.001733      0.003054      0.002384      0.002712
   89393    20091008      -0.004541      0.009685      0.009296      0.007470
   89393    20091009       0.018897      0.005240      0.006573      0.005641
   89393    20091012      -0.018120      0.003887      0.000513      0.004386
   89393    20091013       0.009336     -0.001923     -0.000480     -0.002788
   89393    20091014       0.033986      0.017816      0.014102      0.017546
   89393    20091015       0.047431      0.002401      0.000130      0.004157
   89393    20091016      -0.027011     -0.008152     -0.006059     -0.008098
   89393    20091019       0.016534      0.009987      0.007874      0.009405
   89393    20091020      -0.016867     -0.007961     -0.009123     -0.006239
   89393    20091021      -0.022672     -0.008341     -0.006952     -0.008854
   89393    20091022       0.037200      0.010135      0.006973      0.010644
   89393    20091023       0.105984     -0.012721     -0.013168     -0.012179
   89393    20091026       0.005101     -0.013199     -0.012990     -0.011717
   89393    20091027      -0.016857     -0.006300     -0.010169     -0.003318
   89393    20091028      -0.012906     -0.023836     -0.030392     -0.019541
   89393    20091029       0.033246      0.023807      0.020349      0.022520
   89393    20091030      -0.033803     -0.028001     -0.023885     -0.028065
   89393    20091102       0.006548      0.005083     -0.001022      0.006456
   89393    20091103      -0.000929      0.005747      0.009401      0.002426
   89393    20091104       0.007628      0.000868     -0.002387      0.001043
   89393    20091105       0.041174      0.019374      0.020275      0.019236
   89393    20091106      -0.009399      0.001553     -0.000597      0.002503
   89393    20091109       0.023989      0.023286      0.015690      0.022239
   89393    20091110       0.020979     -0.000672     -0.006304     -0.000064
   89393    20091111       0.017808      0.005482      0.005813      0.005032
   89393    20091112      -0.021030     -0.011722     -0.014038     -0.010259
   89393    20091113       0.019591      0.006826      0.007887      0.005739
   89393    20091116       0.002191      0.015592      0.016714      0.014468
   89393    20091117       0.021695      0.001240     -0.001824      0.000919
   89393    20091118       0.006255     -0.000941     -0.001355     -0.000468
   89393    20091119      -0.014232     -0.014008     -0.014576     -0.013426
   89393    20091120      -0.004812     -0.003930     -0.001469     -0.003215
   89393    20091123       0.006837      0.012969      0.010755      0.013616
   89393    20091124      -0.011759     -0.001308     -0.002305     -0.000533
   89393    20091125      -0.007541      0.005832      0.003686      0.004504
   89393    20091127      -0.023134     -0.018551     -0.016764     -0.017233
   89393    20091130       0.013483      0.003947      0.002433      0.003793
   89393    20091201      -0.006822      0.014008      0.012539      0.012075
   89393    20091202       0.013223      0.002344      0.005848      0.000343
   89393    20091203      -0.017119     -0.008821     -0.006843     -0.008402
   89393    20091204      -0.030350      0.005362      0.011082      0.005509
   89393    20091207      -0.005691     -0.001580      0.001961     -0.002468
   89393    20091208       0.000179     -0.010582     -0.007915     -0.010252
   89393    20091209       0.000715      0.003537      0.002190      0.003672
   89393    20091210       0.013939      0.005291     -0.001180      0.005840
   89393    20091211      -0.018329      0.003171      0.005236      0.003683
   89393    20091214       0.012747      0.008465      0.009914      0.006959
   89393    20091215       0.009041     -0.004612     -0.004277     -0.005547
   89393    20091216      -0.032326      0.003300      0.005027      0.001128
   89393    20091217      -0.024510     -0.012545     -0.010307     -0.011811
   89393    20091218      -0.008561      0.006088      0.005057      0.005830
   89393    20091221       0.012953      0.009733      0.009406      0.010504
   89393    20091222      -0.006486      0.004602      0.005825      0.003564
   89393    20091223       0.060436      0.004718      0.008581      0.002299
   89393    20091224       0.000704      0.005241      0.005349      0.005256
   89393    20091228       0.007910      0.000984     -0.000149      0.001154
   89393    20091229      -0.006278     -0.000931      0.001665     -0.001401
   89393    20091230      -0.023657     -0.000668      0.000497      0.000195
   89393    20091231      -0.009743     -0.008658     -0.002657     -0.010050
   89393    20100104      -0.029225      0.017120      0.019120      0.016043
   89393    20100105      -0.036836      0.003368      0.002475      0.003116
   89393    20100106       0.035139      0.002052      0.003210      0.000546
   89393    20100107      -0.017254      0.002854      0.006887      0.004001
   89393    20100108       0.017176      0.004162      0.007230      0.002882
   89393    20100111      -0.001313      0.001122      0.003568      0.001747
   89393    20100112      -0.016156     -0.010990     -0.010170     -0.009381
   89393    20100113       0.030361      0.008639      0.008890      0.008326
   89393    20100114      -0.055041      0.002320      0.004431      0.002427
   89393    20100115      -0.000784     -0.011321     -0.008664     -0.010823
   89393    20100119       0.004907      0.012053      0.011286      0.012500
   89393    20100120       0.000781     -0.011061     -0.009048     -0.010598
   89393    20100121      -0.000976     -0.017736     -0.014191     -0.018945
   89393    20100122      -0.005861     -0.020990     -0.014432     -0.022141
   89393    20100125      -0.034584      0.003892      0.000975      0.004598
   89393    20100126       0.016690     -0.004906     -0.006016     -0.004203
   89393    20100127       0.020420      0.004153      0.001880      0.004880
   89393    20100128       0.236806     -0.011294     -0.008876     -0.011818
   89393    20100129      -0.012532     -0.010282     -0.008187     -0.009829
   89393    20100201      -0.019598      0.015087      0.011349      0.014266
   89393    20100202       0.013436      0.012228      0.008665      0.012973
   89393    20100203       0.001617     -0.004966     -0.003824     -0.005474
   89393    20100204      -0.025989     -0.031957     -0.028128     -0.031141
   89393    20100205       0.008286      0.002661      0.000458      0.002897
   89393    20100208       0.000986     -0.008230     -0.005335     -0.008863
   89393    20100209       0.020197      0.013881      0.011905      0.013040
   89393    20100210      -0.010301     -0.001473      0.000019     -0.002233
   89393    20100211       0.030411      0.012092      0.012792      0.009680
   89393    20100212      -0.002841     -0.000656      0.003123     -0.002745
   89393    20100216       0.026591      0.017966      0.014436      0.018001
   89393    20100217      -0.005396      0.004660      0.005052      0.004238
   89393    20100218       0.024647      0.006187      0.004380      0.006585
   89393    20100219       0.008321      0.002455      0.001960      0.002187
   89393    20100222      -0.020705     -0.001113      0.001982     -0.001046
   89393    20100223      -0.014095     -0.013061     -0.008435     -0.012103
   89393    20100224       0.005284      0.008520      0.005359      0.009720
   89393    20100225       0.014222     -0.000715     -0.000977     -0.002081
   89393    20100226       0.006706      0.001851      0.001597      0.001405
   89393    20100301       0.055261      0.011972      0.012952      0.010159
   89393    20100302      -0.010330      0.004406      0.007842      0.002330
   89393    20100303      -0.020731      0.001601      0.002859      0.000429
   89393    20100304       0.006810      0.003093      0.004644      0.003736
   89393    20100305      -0.005293      0.014478      0.015175      0.014008
   89393    20100308       0.015225      0.000735      0.003796     -0.000176
   89393    20100309       0.018346      0.001687      0.002511      0.001713
   89393    20100310       0.019159      0.005052      0.006236      0.004525
   89393    20100311      -0.001263      0.003972      0.003270      0.004042
   89393    20100312      -0.016997      0.000743      0.000601     -0.000217
   89393    20100315      -0.005430     -0.000685     -0.003177      0.000452
   89393    20100316       0.014799      0.008738      0.007168      0.007779
   89393    20100317       0.004106      0.005597      0.004720      0.005822
   89393    20100318      -0.005358     -0.002025     -0.002675     -0.000326
   89393    20100319      -0.001276     -0.006887     -0.007943     -0.005087
   89393    20100322       0.034635      0.005857      0.006290      0.005095
   89393    20100323       0.000960      0.007664      0.008460      0.007171
   89393    20100324      -0.008087     -0.006608     -0.005124     -0.005493
   89393    20100325       0.016167     -0.002439     -0.003449     -0.001704
   89393    20100326       0.010335      0.000649      0.000860      0.000738
   89393    20100329      -0.005384      0.006781      0.005706      0.005683
   89393    20100330       0.015697      0.000456      0.001620      0.000043
   89393    20100331      -0.017586     -0.002771     -0.002941     -0.003273
   89393    20100401       0.017087      0.008643      0.006961      0.007414
   89393    20100405       0.066533      0.009537      0.013157      0.007928
   89393    20100406       0.042255      0.002104      0.005226      0.001684
   89393    20100407      -0.043661     -0.005357     -0.000953     -0.005877
   89393    20100408       0.026339      0.002841      0.002693      0.003374
   89393    20100409       0.007210      0.006695      0.005845      0.006684
   89393    20100412       0.009221      0.001783      0.003880      0.001767
   89393    20100413       0.038471      0.000735      0.001568      0.000685
   89393    20100414       0.013776      0.012321      0.014968      0.011150
   89393    20100415      -0.008450      0.000094      0.002761      0.000843
   89393    20100416      -0.017506     -0.016102     -0.010972     -0.016127
   89393    20100419      -0.005978      0.002259     -0.002911      0.004521
   89393    20100420       0.026769      0.009800      0.011963      0.008058
   89393    20100421      -0.001034     -0.000545      0.002920     -0.001019
   89393    20100422       0.152564      0.003579      0.007550      0.002264
   89393    20100423      -0.005187      0.007440      0.010052      0.007124
   89393    20100426       0.084628     -0.003209      0.002661     -0.004296
   89393    20100427      -0.056393     -0.023834     -0.018843     -0.023382
   89393    20100428      -0.026256      0.005231      0.001557      0.006463
   89393    20100429       0.038032      0.013618      0.013165      0.012943
   89393    20100430      -0.041388     -0.016824     -0.015029     -0.016648
   89393    20100503       0.031244      0.012861      0.011350      0.013121
   89393    20100504      -0.025787     -0.025346     -0.023949     -0.023838
   89393    20100505      -0.011373     -0.009192     -0.013600     -0.006561
   89393    20100506      -0.012827     -0.032544     -0.033685     -0.032378
   89393    20100507      -0.060637     -0.015837     -0.016989     -0.015308
   89393    20100510       0.070425      0.044894      0.042804      0.043974
   89393    20100511       0.023742     -0.000931      0.004202     -0.003397
   89393    20100512       0.080244      0.016244      0.019124      0.013740
   89393    20100513       0.020217     -0.010841     -0.004875     -0.012145
   89393    20100514      -0.085901     -0.019384     -0.018568     -0.018800
   89393    20100517       0.057578     -0.000563     -0.003146      0.001109
   89393    20100518      -0.040809     -0.013634     -0.012871     -0.014196
   89393    20100519      -0.013724     -0.007144     -0.013290     -0.005130
   89393    20100520      -0.055859     -0.040348     -0.039086     -0.038976
   89393    20100521       0.047163      0.015276      0.011578      0.015024
   89393    20100524       0.021615     -0.012030     -0.006556     -0.012908
   89393    20100525       0.033261     -0.000157     -0.006476      0.000354
   89393    20100526      -0.001905     -0.002870      0.004575     -0.005661
   89393    20100527       0.038740      0.035090      0.033655      0.032876
   89393    20100528       0.021036     -0.011745     -0.006630     -0.012375
   89393    20100601      -0.034728     -0.018500     -0.020678     -0.017165
   89393    20100602       0.032530      0.026559      0.020297      0.025843
   89393    20100603       0.009658      0.004793      0.005511      0.004051
   89393    20100604      -0.018507     -0.035851     -0.032259     -0.034411
   89393    20100607      -0.005648     -0.014001     -0.018182     -0.013532
   89393    20100608       0.010718      0.009216     -0.001221      0.010976
   89393    20100609       0.046225     -0.003829     -0.000242     -0.005942
   89393    20100610       0.027982      0.029493      0.024915      0.029507
   89393    20100611       0.017108      0.006185      0.009444      0.004380
   89393    20100614       0.050708      0.000012      0.004188     -0.001805
   89393    20100615      -0.026102      0.023845      0.019397      0.023494
   89393    20100616       0.009474     -0.001212     -0.001970     -0.000556
   89393    20100617       0.009545      0.000907     -0.000032      0.001283
   89393    20100618       0.004449      0.001705      0.002944      0.001317
   89393    20100621      -0.058772     -0.004316     -0.006310     -0.003857
   89393    20100622      -0.021514     -0.016131     -0.013867     -0.016071
   89393    20100623       0.011509     -0.002925     -0.001877     -0.002985
   89393    20100624      -0.021398     -0.016248     -0.012404     -0.016803
   89393    20100625       0.023688      0.006049      0.010275      0.002859
   89393    20100628      -0.003136     -0.003123     -0.004657     -0.002034
   89393    20100629      -0.042768     -0.032865     -0.031187     -0.031017
   89393    20100630      -0.034909     -0.008942     -0.005541     -0.010113
   89393    20100701       0.009296     -0.003937     -0.007599     -0.003240
   89393    20100702      -0.023527     -0.004746     -0.004368     -0.004662
   89393    20100706       0.001774      0.003313     -0.006419      0.005359
   89393    20100707       0.104596      0.030874      0.021937      0.031331
   89393    20100708      -0.012744      0.009559      0.010041      0.009413
   89393    20100709       0.004736      0.008900      0.011698      0.007204
   89393    20100712       0.015706     -0.001339     -0.005483      0.000733
   89393    20100713       0.012900      0.017184      0.021561      0.015379
   89393    20100714       0.017201     -0.000637     -0.001089     -0.000155
   89393    20100715      -0.015366      0.000420     -0.003627      0.001196
   89393    20100716      -0.022459     -0.028521     -0.024131     -0.028820
   89393    20100719       0.004308      0.005000      0.003039      0.005982
   89393    20100720       0.012532      0.012630      0.011590      0.011417
   89393    20100721      -0.006147     -0.012840     -0.009837     -0.012820
   89393    20100722      -0.134476      0.023555      0.023312      0.022513
   89393    20100723       0.039977      0.009625      0.013520      0.008220
   89393    20100726      -0.045590      0.011606      0.013834      0.011200
   89393    20100727       0.012647     -0.002525     -0.002162     -0.001049
   89393    20100728      -0.036315     -0.007460     -0.007818     -0.006922
   89393    20100729      -0.022829     -0.002606      0.000460     -0.004159
   89393    20100730       0.046215      0.001520      0.003373      0.000064
   89393    20100802      -0.006533      0.020543      0.013600      0.022023
   89393    20100803       0.024833     -0.005139     -0.004560     -0.004796
   89393    20100804       0.035629      0.007461      0.007322      0.006051
   89393    20100805       0.022196     -0.002492     -0.004121     -0.001269
   89393    20100806       0.070479     -0.003543     -0.002671     -0.003704
   89393    20100809      -0.012001      0.005841      0.006802      0.005483
   89393    20100810       0.069376     -0.007991     -0.011580     -0.005967
   89393    20100811       0.011679     -0.029199     -0.028496     -0.028179
   89393    20100812       0.052028     -0.004668     -0.003038     -0.005379
   89393    20100813      -0.005938     -0.003872     -0.004209     -0.004024
   89393    20100816       0.037502      0.001450      0.003630      0.000120
   89393    20100817      -0.030972      0.013884      0.012332      0.012192
   89393    20100818      -0.054674      0.002325      0.001914      0.001483
   89393    20100819       0.020207     -0.016700     -0.016574     -0.016935
   89393    20100820       0.013412     -0.003310     -0.001642     -0.003663
   89393    20100823      -0.023546     -0.004849     -0.008724     -0.004040
   89393    20100824      -0.044287     -0.014430     -0.011864     -0.014512
   89393    20100825       0.024489      0.004571      0.005698      0.003289
   89393    20100826       0.012797     -0.006641     -0.004949     -0.007685
   89393    20100827       0.002066      0.018437      0.018576      0.016587
   89393    20100830      -0.023791     -0.014210     -0.013772     -0.014719
   89393    20100831       0.019659      0.000124      0.000360      0.000391
   89393    20100901       0.074849      0.029083      0.024891      0.029505
   89393    20100902       0.022866      0.009531      0.008299      0.009081
   89393    20100903       0.003478      0.012969      0.011735      0.013219
   89393    20100907       0.023902     -0.011856     -0.012413     -0.011471
   89393    20100908       0.029692      0.006321      0.006096      0.006439
   89393    20100909      -0.002192      0.003759      0.002373      0.004832
   89393    20100910       0.003295      0.004483      0.004082      0.004863
   89393    20100913       0.012178      0.012854      0.015681      0.011131
   89393    20100914      -0.008720     -0.000107     -0.000765     -0.000713
   89393    20100915      -0.024071      0.002958      0.001406      0.003541
   89393    20100916      -0.018306     -0.000757     -0.002686     -0.000364
   89393    20100917      -0.000285      0.001131      0.003139      0.000827
   89393    20100920       0.017299      0.015165      0.017201      0.015210
   89393    20100921       0.030164     -0.003096     -0.002994     -0.002564
   89393    20100922       0.066101     -0.005024     -0.005267     -0.004825
   89393    20100923       0.022558     -0.008099     -0.006134     -0.008331
   89393    20100924       0.010843      0.021173      0.020093      0.021194
   89393    20100927       0.017138     -0.004455     -0.001481     -0.005667
   89393    20100928      -0.018971      0.005780      0.007405      0.004850
   89393    20100929       0.054183     -0.001081      0.002015     -0.002588
   89393    20100930      -0.049640     -0.001993      0.001188     -0.003084
   89393    20101001      -0.046251      0.004938      0.004502      0.004416
   89393    20101004       0.011186     -0.008282     -0.009036     -0.008035
   89393    20101005      -0.001455      0.020549      0.018548      0.020861
   89393    20101006      -0.037733     -0.000341     -0.000477     -0.000672
   89393    20101007       0.007719     -0.002127     -0.001648     -0.001647
   89393    20101008      -0.011821      0.007606      0.009939      0.006122
   89393    20101011       0.027065      0.000551      0.001862      0.000146
   89393    20101012       0.011061      0.003649      0.003780      0.003819
   89393    20101013      -0.005020      0.008783      0.011164      0.007121
   89393    20101014      -0.011836     -0.003668     -0.001723     -0.003641
   89393    20101015       0.019243      0.000698     -0.000574      0.002028
   89393    20101018      -0.017467      0.006289      0.005744      0.007244
   89393    20101019      -0.023987     -0.017199     -0.016739     -0.015877
   89393    20101020       0.025581      0.011258      0.010230      0.010524
   89393    20101021       0.127587      0.000277     -0.003003      0.001774
   89393    20101022      -0.026579      0.002655      0.005055      0.002389
   89393    20101025      -0.007496      0.003725      0.005167      0.002147
   89393    20101026       0.064613     -0.000428      0.000521      0.000017
   89393    20101027       0.004954     -0.003317     -0.004156     -0.002691
   89393    20101028      -0.015686      0.001143     -0.000824      0.001125
   89393    20101029      -0.012123      0.001654      0.003556     -0.000439
   89393    20101101      -0.035721      0.000144     -0.003474      0.000947
   89393    20101102       0.025333      0.009039      0.011684      0.007759
   89393    20101103      -0.000874      0.003447      0.002305      0.003678
   89393    20101104      -0.021229      0.019910      0.017268      0.019283
   89393    20101105       0.001668      0.004011      0.004517      0.003923
   89393    20101108       0.006127     -0.000899      0.002147     -0.002121
   89393    20101109       0.007864     -0.008480     -0.009232     -0.008052
   89393    20101110       0.037604      0.005429      0.005925      0.004376
   89393    20101111      -0.009781     -0.003620     -0.004410     -0.004242
   89393    20101112      -0.012219     -0.013378     -0.012531     -0.011808
   89393    20101115      -0.027168     -0.001330     -0.001310     -0.001217
   89393    20101116      -0.017231     -0.016840     -0.016710     -0.016205
   89393    20101117       0.007739      0.001620      0.002860      0.000212
   89393    20101118       0.009899      0.015549      0.012539      0.015357
   89393    20101119       0.027981      0.003735      0.003861      0.002540
   89393    20101122       0.088303     -0.000276      0.001011     -0.001575
   89393    20101123      -0.003239     -0.014125     -0.010221     -0.014284
   89393    20101124       0.005647      0.015663      0.014312      0.014923
   89393    20101126       0.012820     -0.006875     -0.002554     -0.007469
   89393    20101129       0.040431     -0.000913     -0.000616     -0.001379
   89393    20101130       0.035089     -0.005785     -0.005344     -0.006070
   89393    20101201      -0.027975      0.020809      0.013234      0.021617
   89393    20101202      -0.033577      0.012215      0.008935      0.012818
   89393    20101203      -0.041206      0.003956      0.005105      0.002603
   89393    20101206       0.043246      0.000025      0.002990     -0.001298
   89393    20101207      -0.018918      0.000186      0.000215      0.000515
   89393    20101208      -0.008324      0.001545     -0.001006      0.003702
   89393    20101209       0.014982      0.003571      0.003490      0.003843
   89393    20101210       0.018739      0.006422      0.006814      0.006002
   89393    20101213      -0.055644      0.000189     -0.001501      0.000048
   89393    20101214      -0.029108      0.000280     -0.001453      0.000911
   89393    20101215       0.000280     -0.005251     -0.004134     -0.005122
   89393    20101216       0.017647      0.005847      0.007882      0.006185
   89393    20101217      -0.008973      0.001558      0.003671      0.000837
   89393    20101220      -0.010943      0.001819      0.000710      0.002548
   89393    20101221       0.045998      0.007182      0.008653      0.006030
   89393    20101222      -0.004779      0.003138      0.003301      0.003380
   89393    20101223      -0.004154     -0.001189      0.000389     -0.001644
   89393    20101227      -0.024759      0.000674      0.003479      0.000613
   89393    20101228       0.020332      0.000790     -0.000227      0.000771
   89393    20101229      -0.018511      0.002732      0.004137      0.001009
   89393    20101230      -0.002607     -0.000804      0.001308     -0.001508
   89393    20101231      -0.022803     -0.000238      0.000871     -0.000191
   89393    20110103       0.015424      0.011205      0.012533      0.011315
   89393    20110104       0.016591     -0.003888     -0.006753     -0.001313
   89393    20110105      -0.009042      0.005374      0.007944      0.005007
   89393    20110106      -0.009681     -0.002519     -0.001211     -0.002123
   89393    20110107       0.007360     -0.001946     -0.002848     -0.001845
   89393    20110110       0.047853     -0.000718      0.002287     -0.001376
   89393    20110111      -0.006547      0.005025      0.005963      0.003725
   89393    20110112       0.012055      0.009020      0.008259      0.009008
   89393    20110113       0.013711     -0.001887     -0.000500     -0.001711
   89393    20110114      -0.000052      0.006638      0.004736      0.007385
   89393    20110118       0.011489      0.002164      0.002518      0.001376
   89393    20110119      -0.014508     -0.012230     -0.016081     -0.010116
   89393    20110120      -0.030754     -0.003822     -0.007600     -0.001295
   89393    20110121      -0.015730      0.001269     -0.000137      0.002414
   89393    20110124       0.010270      0.006285      0.006046      0.005836
   89393    20110125       0.015112     -0.000435     -0.001076      0.000263
   89393    20110126      -0.019867      0.007330      0.011708      0.004221
   89393    20110127       0.152106      0.002122      0.001653      0.002244
   89393    20110128       0.033717     -0.017212     -0.017784     -0.017852
   89393    20110131      -0.017892      0.007620      0.005212      0.007663
   89393    20110201      -0.005512      0.017010      0.014753      0.016694
   89393    20110202      -0.007703     -0.002218     -0.000556     -0.002723
   89393    20110203       0.001089      0.002926      0.001939      0.002354
   89393    20110204       0.040569      0.002168      0.001326      0.002884
   89393    20110207      -0.009315      0.006122      0.006745      0.006240
   89393    20110208      -0.001812      0.004562      0.003895      0.004185
   89393    20110209       0.021436     -0.003430     -0.003610     -0.002786
   89393    20110210       0.004094      0.001331      0.000472      0.000750
   89393    20110211       0.035260      0.006107      0.006629      0.005507
   89393    20110214       0.071320      0.003390      0.003197      0.002385
   89393    20110215      -0.027308     -0.003185     -0.003015     -0.003235
   89393    20110216      -0.012739      0.007512      0.006352      0.006257
   89393    20110217      -0.008802      0.003948      0.005617      0.003076
   89393    20110218      -0.000509      0.001227      0.001088      0.001925
   89393    20110222      -0.059063     -0.021038     -0.020645     -0.020529
   89393    20110223      -0.046931     -0.006545     -0.008481     -0.006112
   89393    20110224       0.018845     -0.000131      0.002655     -0.000994
   89393    20110225      -0.012733      0.012918      0.015057      0.010550
   89393    20110228      -0.027161      0.005333      0.002853      0.005561
   89393    20110301      -0.009871     -0.014888     -0.011157     -0.015740
   89393    20110302      -0.001955      0.002830      0.002967      0.001615
   89393    20110303      -0.004211      0.016072      0.013356      0.017219
   89393    20110304       0.036141     -0.005889     -0.003337     -0.007378
   89393    20110307      -0.015756     -0.009398     -0.009718     -0.008341
   89393    20110308      -0.057618      0.008078      0.008947      0.008923
   89393    20110309      -0.012586     -0.002433     -0.003092     -0.001362
   89393    20110310       0.036427     -0.019773     -0.019528     -0.018871
   89393    20110311       0.022603      0.006950      0.002937      0.007080
   89393    20110314      -0.016334     -0.005471     -0.006664     -0.006049
   89393    20110315       0.079076     -0.011143     -0.010769     -0.011200
   89393    20110316      -0.015062     -0.016629     -0.010119     -0.019495
   89393    20110317       0.000281      0.012207      0.007240      0.013398
   89393    20110318      -0.021038      0.004853      0.008049      0.004302
   89393    20110321       0.016428      0.016431      0.015753      0.014994
   89393    20110322       0.040171     -0.003235     -0.001224     -0.003551
   89393    20110323       0.034645      0.002867      0.002902      0.002914
   89393    20110324       0.000306      0.008540      0.005814      0.009341
   89393    20110325       0.003841      0.003130      0.003927      0.003161
   89393    20110328       0.031781     -0.003324     -0.001773     -0.002748
   89393    20110329       0.000253      0.007158      0.005552      0.007060
   89393    20110330       0.002401      0.008221      0.007886      0.006685
   89393    20110331      -0.000714     -0.000603      0.002407     -0.001829
   89393    20110401       0.018126      0.005456      0.003529      0.004963
   89393    20110404       0.010864      0.001162      0.000958      0.000345
   89393    20110405      -0.002002      0.001331      0.001920     -0.000180
   89393    20110406      -0.017443      0.001737      0.002638      0.002184
   89393    20110407      -0.025045     -0.002255     -0.002513     -0.001520
   89393    20110408       0.003847     -0.003388     -0.004745     -0.004004
   89393    20110411      -0.028528     -0.004720     -0.006491     -0.002793
   89393    20110412       0.025245     -0.009236     -0.010338     -0.007777
   89393    20110413       0.020648      0.001303      0.001645      0.000190
   89393    20110414      -0.008461      0.000539      0.002637      0.000084
   89393    20110415      -0.005238      0.003963      0.004948      0.003925
   89393    20110418      -0.009172     -0.011611     -0.011485     -0.011018
   89393    20110419       0.035229      0.005720      0.003512      0.005731
   89393    20110420       0.011923      0.014266      0.012661      0.013515
   89393    20110421       0.031870      0.005868      0.004946      0.005277
   89393    20110425      -0.002181     -0.001841     -0.000562     -0.001593
   89393    20110426      -0.090436      0.008147      0.005423      0.008980
   89393    20110427       0.030798      0.006160      0.005247      0.006250
   89393    20110428      -0.006738      0.002940      0.001926      0.003555
   89393    20110429      -0.007253      0.003121      0.003668      0.002301
   89393    20110502       0.019435     -0.003566     -0.006003     -0.001753
   89393    20110503      -0.025094     -0.006643     -0.009097     -0.003379
   89393    20110504      -0.008865     -0.007961     -0.008801     -0.006855
   89393    20110505       0.004887     -0.009446     -0.006183     -0.009070
   89393    20110506      -0.003647      0.004605      0.004575      0.003820
   89393    20110509       0.030244      0.006144      0.006964      0.004544
   89393    20110510       0.005161      0.008469      0.009877      0.008074
   89393    20110511       0.012793     -0.012234     -0.011619     -0.011111
   89393    20110512       0.021191      0.004028      0.004319      0.004895
   89393    20110513       0.003052     -0.008902     -0.009009     -0.008067
   89393    20110516      -0.038253     -0.006952     -0.010372     -0.006204
   89393    20110517      -0.000633     -0.000633     -0.004038     -0.000369
   89393    20110518       0.023635      0.010736      0.010977      0.008804
   89393    20110519       0.000783      0.002341      0.000843      0.002178
   89393    20110520       0.013060     -0.006785     -0.004414     -0.007688
   89393    20110523       0.007849     -0.012998     -0.013172     -0.011926
   89393    20110524      -0.000928     -0.000394     -0.001002     -0.000827
   89393    20110525       0.047940      0.005075      0.005819      0.003183
   89393    20110526       0.016495      0.005325      0.007791      0.003953
   89393    20110527       0.002882      0.005110      0.006103      0.004081
   89393    20110531       0.023780      0.010287      0.009375      0.010593
   89393    20110601      -0.013072     -0.023067     -0.019626     -0.022785
   89393    20110602       0.016613     -0.000633     -0.000076     -0.001225
   89393    20110603       0.007368     -0.009286     -0.009502     -0.009734
   89393    20110606      -0.040599     -0.012446     -0.013344     -0.010760
   89393    20110607       0.004189      0.000282      0.001428     -0.000956
   89393    20110608      -0.005423     -0.005968     -0.010672     -0.004187
   89393    20110609       0.001182      0.007448      0.005505      0.007378
   89393    20110610      -0.015036     -0.014080     -0.011776     -0.013980
   89393    20110613      -0.005421     -0.000903     -0.005617      0.000669
   89393    20110614       0.015193      0.013861      0.014384      0.012612
   89393    20110615      -0.015349     -0.017293     -0.014059     -0.017432
   89393    20110616      -0.030414     -0.000108     -0.000800      0.001754
   89393    20110617      -0.014561      0.002163      0.001297      0.003045
   89393    20110620      -0.000163      0.005342      0.002474      0.005395
   89393    20110621       0.032651      0.015891      0.016179      0.013423
   89393    20110622      -0.019673     -0.005474     -0.003055     -0.006468
   89393    20110623       0.028392     -0.002584     -0.000871     -0.002828
   89393    20110624       0.004849     -0.010561     -0.002417     -0.011726
   89393    20110627       0.012298      0.008067      0.005460      0.009184
   89393    20110628       0.019107      0.013690      0.010609      0.012944
   89393    20110629      -0.000566      0.008723      0.004950      0.008283
   89393    20110630      -0.008492      0.009707      0.008397      0.010119
   89393    20110701       0.020176      0.013471      0.010064      0.014410
   89393    20110705       0.080749     -0.000018      0.000809     -0.001336
   89393    20110706       0.004592      0.001148      0.002874      0.001002
   89393    20110707       0.005018      0.010619      0.011712      0.010454
   89393    20110708       0.009302     -0.006328     -0.004797     -0.006961
   89393    20110711      -0.014908     -0.019338     -0.016317     -0.018090
   89393    20110712       0.001823     -0.003806     -0.002238     -0.004434
   89393    20110713       0.025612      0.005001      0.007494      0.003106
   89393    20110714      -0.040538     -0.008041     -0.009534     -0.006716
   89393    20110715       0.001082      0.006174      0.004226      0.005554
   89393    20110718      -0.027637     -0.009471     -0.011054     -0.008130
   89393    20110719       0.029713      0.016157      0.013523      0.016309
   89393    20110720      -0.020502      0.000056      0.000967     -0.000671
   89393    20110721      -0.019865      0.012250      0.008889      0.013546
   89393    20110722       0.002792      0.001439      0.001586      0.000908
   89393    20110725       0.017897     -0.006273     -0.007887     -0.005643
   89393    20110726      -0.051931     -0.004537     -0.004068     -0.004105
   89393    20110727       0.009404     -0.021640     -0.021094     -0.020309
   89393    20110728      -0.010393     -0.002925     -0.001403     -0.003234
   89393    20110729      -0.002363     -0.005606     -0.003052     -0.006451
   89393    20110801      -0.009812     -0.003610     -0.000879     -0.004132
   89393    20110802      -0.023464     -0.025643     -0.021078     -0.025557
   89393    20110803       0.010886      0.004954      0.002260      0.005016
   89393    20110804      -0.054731     -0.050349     -0.047411     -0.047820
   89393    20110805      -0.018961     -0.004785     -0.012547     -0.000575
   89393    20110808      -0.060014     -0.068664     -0.072385     -0.066634
   89393    20110809       0.049241      0.051214      0.047193      0.047407
   89393    20110810      -0.022624     -0.038549     -0.029835     -0.044152
   89393    20110811       0.046080      0.045247      0.037437      0.046290
   89393    20110812       0.003578      0.004764      0.004185      0.005262
   89393    20110815       0.009344      0.022829      0.023020      0.021785
   89393    20110816      -0.029397     -0.010894     -0.012918     -0.009739
   89393    20110817      -0.028447      0.000845      0.000679      0.000947
   89393    20110818      -0.063555     -0.045310     -0.041324     -0.044594
   89393    20110819      -0.056419     -0.015358     -0.012201     -0.015009
   89393    20110822       0.000000      0.000037     -0.002608      0.000258
   89393    20110823       0.069831      0.033737      0.029031      0.034285
   89393    20110824      -0.015988      0.011552      0.008018      0.013120
   89393    20110825      -0.000926     -0.015903     -0.015381     -0.015566
   89393    20110826       0.028078      0.016437      0.015544      0.015122
   89393    20110829       0.014174      0.029617      0.031522      0.028280
   89393    20110830       0.049970      0.003760      0.004724      0.002347
   89393    20110831      -0.005375      0.005091      0.003022      0.004922
   89393    20110901      -0.007404     -0.012121     -0.013773     -0.011871
   89393    20110902      -0.086423     -0.024626     -0.022464     -0.025282
   89393    20110906       0.026559     -0.008132     -0.008986     -0.007436
   89393    20110907      -0.012662      0.029134      0.027153      0.028646
   89393    20110908      -0.022222     -0.010869     -0.012275     -0.010612
   89393    20110909      -0.034233     -0.026578     -0.021056     -0.026705
   89393    20110912       0.029808      0.004140     -0.000416      0.006966
   89393    20110913      -0.006189      0.010801      0.011949      0.009120
   89393    20110914      -0.000192      0.012782      0.011742      0.013480
   89393    20110915      -0.189066      0.015462      0.008819      0.017187
   89393    20110916      -0.083072      0.003563      0.001512      0.005707
   89393    20110919      -0.073716     -0.010934     -0.014296     -0.009803
   89393    20110920      -0.095443     -0.004104     -0.009079     -0.001661
   89393    20110921      -0.011767     -0.029425     -0.024666     -0.029390
   89393    20110922       0.000233     -0.034393     -0.032856     -0.031883
   89393    20110923       0.006458      0.005756      0.007256      0.006082
   89393    20110926       0.022109      0.021584      0.009890      0.023336
   89393    20110927      -0.035774      0.012842      0.015760      0.010688
   89393    20110928      -0.002745     -0.023685     -0.025352     -0.020691
   89393    20110929      -0.109722      0.008220      0.006639      0.008114
   89393    20110930       0.000707     -0.024625     -0.018836     -0.024974
   89393    20111003      -0.000177     -0.031919     -0.041273     -0.028451
   89393    20111004       0.014570      0.023616      0.027309      0.022488
   89393    20111005       0.042298      0.019649      0.017119      0.017866
   89393    20111006       0.029058      0.020555      0.020344      0.018304
   89393    20111007      -0.048929     -0.010923     -0.013551     -0.008163
   89393    20111010      -0.047692      0.034255      0.029485      0.034125
   89393    20111011      -0.026519      0.001062      0.005101      0.000544
   89393    20111012       0.045647      0.011796      0.015322      0.009795
   89393    20111013       0.029836     -0.002945     -0.000734     -0.002974
   89393    20111014      -0.008290      0.017728      0.014655      0.017380
   89393    20111017       0.011117     -0.020840     -0.020291     -0.019370
   89393    20111018      -0.047643      0.020778      0.018461      0.020419
   89393    20111019      -0.020762     -0.014157     -0.012744     -0.012649
   89393    20111020       0.018827      0.003883      0.000394      0.004554
   89393    20111021       0.049874      0.019254      0.016331      0.018809
   89393    20111024       0.015379      0.016758      0.021869      0.012873
   89393    20111025      -0.348957     -0.019816     -0.017915     -0.020045
   89393    20111026       0.026238      0.011501      0.013134      0.010537
   89393    20111027       0.018388      0.036207      0.036277      0.034291
   89393    20111028       0.040564      0.000257      0.000381      0.000389
   89393    20111031      -0.024483     -0.024638     -0.019053     -0.024738
   89393    20111101      -0.024245     -0.028596     -0.025533     -0.027942
   89393    20111102       0.041204      0.017069      0.017888      0.016105
   89393    20111103       0.106727      0.019190      0.015892      0.018782
   89393    20111104      -0.024596     -0.005560     -0.004275     -0.006280
   89393    20111107       0.008998      0.004913      0.000138      0.006296
   89393    20111108      -0.003963      0.011209      0.010416      0.011736
   89393    20111109      -0.026749     -0.037840     -0.033587     -0.036695
   89393    20111110      -0.033277      0.007420      0.004584      0.008616
   89393    20111111       0.030898      0.019767      0.016413      0.019489
   89393    20111114      -0.023134     -0.009370     -0.011208     -0.009550
   89393    20111115       0.006533      0.004531      0.005085      0.004817
   89393    20111116      -0.059110     -0.015089     -0.010399     -0.016616
   89393    20111117      -0.058142     -0.017204     -0.013523     -0.016800
   89393    20111118       0.020926     -0.000294      0.000960     -0.000395
   89393    20111121      -0.045990     -0.018647     -0.019135     -0.018648
   89393    20111122      -0.053982     -0.003934     -0.004842     -0.004141
   89393    20111123      -0.027679     -0.023237     -0.022580     -0.022095
   89393    20111125      -0.067766     -0.003630     -0.004910     -0.002686
   89393    20111128       0.095399      0.030509      0.027928      0.029240
   89393    20111129      -0.034024      0.002265     -0.002146      0.002214
   89393    20111130      -0.044990      0.043878      0.038155      0.043315
   89393    20111201       0.040911     -0.002276     -0.003635     -0.001909
   89393    20111202      -0.011910      0.000098      0.004885     -0.000241
   89393    20111205       0.056501      0.010289      0.009664      0.010287
   89393    20111206      -0.028237      0.000388     -0.000491      0.001106
   89393    20111207       0.056061      0.001910      0.000724      0.002018
   89393    20111208      -0.035297     -0.022858     -0.022706     -0.021142
   89393    20111209       0.021175      0.017730      0.018907      0.016883
   89393    20111212       0.061645     -0.015540     -0.013563     -0.014914
   89393    20111213      -0.041855     -0.011232     -0.012526     -0.008686
   89393    20111214      -0.014838     -0.012733     -0.009141     -0.011348
   89393    20111215      -0.018581      0.003745      0.002503      0.003243
   89393    20111216       0.001434      0.004962      0.003603      0.003216
   89393    20111219      -0.038241     -0.012648     -0.014677     -0.011733
   89393    20111220       0.063291      0.030024      0.026932      0.029825
   89393    20111221      -0.006022      0.002021      0.001410      0.001950
   89393    20111222       0.040440      0.008910      0.008202      0.008266
   89393    20111223      -0.016522      0.007861      0.004194      0.009035
   89393    20111227      -0.027871      0.000019     -0.000984      0.000079
   89393    20111228      -0.019775     -0.013637     -0.013493     -0.012478
   89393    20111229       0.001445      0.010773      0.008718      0.010707
   89393    20111230      -0.000144     -0.002580      0.002144     -0.004291
   89393    20120103       0.042575      0.016152      0.017012      0.015474
   89393    20120104       0.113649     -0.000447     -0.001380      0.000188
   89393    20120105      -0.014295      0.002928      0.004055      0.002944
   89393    20120106       0.088146     -0.002907     -0.000598     -0.002537
   89393    20120109       0.137791      0.002815      0.004418      0.002262
   89393    20120110      -0.023936      0.010420      0.011110      0.008886
   89393    20120111      -0.038401      0.000951      0.004571      0.000310
   89393    20120112       0.000000      0.003046      0.005077      0.002337
   89393    20120113       0.024200     -0.005312     -0.005005     -0.004948
   89393    20120117       0.003603      0.003904      0.003767      0.003553
   89393    20120118       0.040329      0.012296      0.013701      0.011108
   89393    20120119       0.049929      0.005580      0.005448      0.004939
   89393    20120120      -0.031123      0.000881      0.003698      0.000669
   89393    20120123      -0.062650      0.001606      0.001857      0.000471
   89393    20120124      -0.013729     -0.000804      0.003348     -0.001026
   89393    20120125       0.025575      0.009956      0.009547      0.008672
   89393    20120126       0.220644     -0.004907     -0.001075     -0.005746
   89393    20120127       0.067063      0.000698      0.006150     -0.001593
   89393    20120130       0.013248     -0.003724     -0.004826     -0.002522
   89393    20120131      -0.041697     -0.000076      0.001781     -0.000457
   89393    20120201       0.023045      0.011173      0.013730      0.008900
   89393    20120202       0.008376      0.001838      0.004402      0.001095
   89393    20120203       0.019597      0.014664      0.014936      0.014605
   89393    20120206       0.022305     -0.000989     -0.000431     -0.000424
   89393    20120207      -0.010600      0.001391      0.001486      0.002023
   89393    20120208      -0.030341      0.002189      0.003480      0.002160
   89393    20120209       0.006774      0.001002      0.000374      0.001474
   89393    20120210      -0.007289     -0.008383     -0.009773     -0.006886
   89393    20120213      -0.045429      0.007439      0.009485      0.006800
   89393    20120214       0.040321     -0.001546     -0.004058     -0.000940
   89393    20120215      -0.008207     -0.004223     -0.003162     -0.005383
   89393    20120216      -0.001229      0.012461      0.011497      0.011026
   89393    20120217      -0.000492      0.001387      0.002727      0.002349
   89393    20120221      -0.036520      0.000152     -0.002241      0.000720
   89393    20120222      -0.042589     -0.003128     -0.004190     -0.003340
   89393    20120223       0.005249      0.005699      0.008054      0.004272
   89393    20120224      -0.011682      0.001495      0.000411      0.001672
   89393    20120227      -0.020238      0.000818     -0.000761      0.001355
   89393    20120228       0.035737      0.002910      0.000562      0.003356
   89393    20120229      -0.022856     -0.005676     -0.009158     -0.004737
   89393    20120301       0.018243      0.006806      0.004670      0.006158
   89393    20120302       0.020843     -0.004921     -0.008031     -0.003246
   89393    20120305      -0.037272     -0.004551     -0.003539     -0.003870
   89393    20120306      -0.033210     -0.017379     -0.017306     -0.015370
   89393    20120307      -0.018109      0.007942      0.009483      0.006901
   89393    20120308       0.027379      0.010859      0.010692      0.009818
   89393    20120309       0.009808      0.004495      0.007768      0.003631
   89393    20120312      -0.026849     -0.001367     -0.001611      0.000160
   89393    20120313       0.001412      0.017606      0.014480      0.018132
   89393    20120314      -0.010343     -0.003919     -0.006757     -0.001196
   89393    20120315       0.046746      0.006511      0.004869      0.005967
   89393    20120316      -0.001906      0.001335      0.001369      0.001119
   89393    20120319       0.039742      0.003999      0.004746      0.003974
   89393    20120320       0.006035     -0.004507     -0.005338     -0.003001
   89393    20120321       0.044166     -0.001123      0.001131     -0.001871
   89393    20120322      -0.011407     -0.008099     -0.008249     -0.007207
   89393    20120323       0.012297      0.004472      0.007160      0.003109
   89393    20120326       0.014976      0.013959      0.011392      0.013886
   89393    20120327      -0.010821     -0.003654     -0.002853     -0.002817
   89393    20120328      -0.015455     -0.005516     -0.005409     -0.004942
   89393    20120329      -0.031606     -0.001895     -0.001653     -0.001608
   89393    20120330      -0.000087      0.003351      0.002024      0.003698
   89393    20120402      -0.009301      0.008052      0.007351      0.007505
   89393    20120403      -0.008862     -0.004445     -0.006565     -0.003989
   89393    20120404      -0.023902     -0.011810     -0.011965     -0.010202
   89393    20120405       0.002177     -0.000802     -0.000687     -0.000629
   89393    20120409      -0.034570     -0.011364     -0.011932     -0.011358
   89393    20120410      -0.044619     -0.018009     -0.016253     -0.017081
   89393    20120411      -0.020703      0.008509      0.011544      0.007449
   89393    20120412       0.044585      0.015079      0.013034      0.013779
   89393    20120413      -0.000863     -0.012386     -0.010668     -0.012475
   89393    20120416      -0.028991     -0.000585     -0.000035     -0.000504
   89393    20120417       0.058033      0.014948      0.010763      0.015487
   89393    20120418      -0.000561     -0.004028     -0.006151     -0.004055
   89393    20120419       0.001215     -0.004658     -0.002353     -0.005934
   89393    20120420      -0.009151      0.001631      0.003792      0.001169
   89393    20120423      -0.040241     -0.009532     -0.009771     -0.008408
   89393    20120424      -0.139042      0.003249      0.005771      0.003680
   89393    20120425      -0.015169      0.013821      0.010281      0.013645
   89393    20120426      -0.014823      0.006807      0.005776      0.006680
   89393    20120427      -0.015634      0.003895      0.005274      0.002414
   89393    20120430      -0.042990     -0.004313     -0.004072     -0.003884
   89393    20120501       0.015223      0.004869      0.001691      0.005658
   89393    20120502       0.010693     -0.002035     -0.000501     -0.002497
   89393    20120503      -0.076128     -0.009943     -0.010855     -0.007659
   89393    20120504      -0.037186     -0.015666     -0.012679     -0.016147
   89393    20120507       0.004170      0.000556      0.001085      0.000351
   89393    20120508      -0.008986     -0.005348     -0.004430     -0.004279
   89393    20120509       0.021431     -0.006016     -0.004077     -0.006702
   89393    20120510      -0.025958      0.002869      0.002588      0.002517
   89393    20120511       0.068489     -0.002778     -0.003641     -0.003387
   89393    20120514      -0.005428     -0.012160     -0.012421     -0.011113
   89393    20120515       0.006757     -0.006029     -0.006528     -0.005746
   89393    20120516      -0.042334     -0.004927     -0.007807     -0.004404
   89393    20120517      -0.030054     -0.015843     -0.015911     -0.015051
   89393    20120518      -0.027928     -0.008140     -0.009673     -0.007388
   89393    20120521       0.025443      0.017751      0.016319      0.016036
   89393    20120522      -0.056175     -0.000470     -0.004011      0.000486
   89393    20120523       0.062029      0.002796      0.002394      0.001694
   89393    20120524      -0.022806      0.001002      0.001696      0.001380
   89393    20120525      -0.000711     -0.001539      0.001210     -0.002166
   89393    20120529      -0.011108      0.011224      0.009963      0.011079
   89393    20120530      -0.030242     -0.015481     -0.014326     -0.014335
   89393    20120531      -0.057915     -0.001964     -0.000487     -0.002277
   89393    20120601      -0.007724     -0.024507     -0.020451     -0.024643
   89393    20120604       0.032566     -0.001002     -0.002267      0.000110
   89393    20120605      -0.002615      0.007847      0.008065      0.005727
   89393    20120606       0.016196      0.022686      0.019661      0.023049
   89393    20120607      -0.018822     -0.001374     -0.002025     -0.000106
   89393    20120608       0.015470      0.007125      0.005409      0.008114
   89393    20120611      -0.040219     -0.013951     -0.013468     -0.012620
   89393    20120612       0.000317      0.011662      0.008888      0.011651
   89393    20120613      -0.003015     -0.006935     -0.007142     -0.007023
   89393    20120614      -0.002706      0.009494      0.007904      0.010815
   89393    20120615       0.049952      0.010109      0.008727      0.010338
   89393    20120618       0.014288      0.002201      0.001768      0.001445
   89393    20120619       0.046456      0.011614      0.012890      0.009816
   89393    20120620      -0.023930     -0.001473     -0.000497     -0.001686
   89393    20120621      -0.034023     -0.023449     -0.018456     -0.022262
   89393    20120622       0.030681      0.007247      0.007577      0.007175
   89393    20120625      -0.012231     -0.015425     -0.011917     -0.015955
   89393    20120626      -0.003431      0.004859      0.002919      0.004773
   89393    20120627      -0.004641      0.009026      0.009622      0.008985
   89393    20120628       0.013085     -0.002125     -0.002531     -0.002110
   89393    20120629       0.016701      0.025610      0.023311      0.024920
   89393    20120702      -0.009272      0.003868      0.006684      0.002459
   89393    20120703       0.061754      0.008940      0.010767      0.006232
   89393    20120705       0.134370     -0.004123     -0.000733     -0.004687
   89393    20120706       0.002080     -0.009956     -0.007701     -0.009433
   89393    20120709       0.013433     -0.002193     -0.002344     -0.001639
   89393    20120710      -0.033257     -0.008807     -0.008240     -0.008126
   89393    20120711       0.017574     -0.000303     -0.000282     -0.000015
   89393    20120712       0.040789     -0.004880     -0.004134     -0.004987
   89393    20120713      -0.000824      0.015253      0.010665      0.016497
   89393    20120716      -0.022615     -0.002467     -0.003494     -0.002314
   89393    20120717      -0.014461      0.006708      0.002457      0.007410
   89393    20120718      -0.006236      0.006246      0.003871      0.006681
   89393    20120719       0.022764      0.002819      0.000016      0.002717
   89393    20120720      -0.015640     -0.009908     -0.008733     -0.010062
   89393    20120723      -0.022977     -0.010140     -0.012004     -0.008909
   89393    20120724       0.005629     -0.009410     -0.009270     -0.009041
   89393    20120725      -0.250156      0.000714      0.002465     -0.000314
   89393    20120726      -0.054247      0.015498      0.008642      0.016541
   89393    20120727       0.033503      0.018906      0.016470      0.019081
   89393    20120730      -0.019857     -0.000796     -0.002846     -0.000483
   89393    20120731      -0.015584     -0.004969     -0.003201     -0.004317
   89393    20120801      -0.041337     -0.004475     -0.009081     -0.003030
   89393    20120802      -0.011560     -0.007290     -0.005662     -0.007374
   89393    20120803       0.000743      0.019216      0.017764      0.019040
   89393    20120806       0.053422      0.003528      0.006633      0.002329
   89393    20120807       0.019546      0.006347      0.006234      0.005107
   89393    20120808      -0.001727      0.000184     -0.000985      0.000621
   89393    20120809       0.001903      0.001632      0.003390      0.000414
   89393    20120810       0.034364      0.001878     -0.000714      0.002188
   89393    20120813       0.000167     -0.001901     -0.002122     -0.001252
   89393    20120814       0.030880     -0.000010     -0.002248     -0.000128
   89393    20120815       0.024288      0.002741      0.004557      0.001140
   89393    20120816       0.016598      0.007898      0.008086      0.007101
   89393    20120817      -0.009641      0.002643      0.004758      0.001872
   89393    20120820       0.008636     -0.000604     -0.001571     -0.000021
   89393    20120821       0.021171     -0.002326     -0.000635     -0.003498
   89393    20120822      -0.003049     -0.000101     -0.001769      0.000226
   89393    20120823      -0.020642     -0.007327     -0.004534     -0.008072
   89393    20120824      -0.013895      0.005503      0.003249      0.006455
   89393    20120827      -0.012191     -0.000554     -0.000562     -0.000489
   89393    20120828       0.008976      0.000250      0.002383     -0.000808
   89393    20120829       0.007784      0.001006      0.001836      0.000844
   89393    20120830      -0.046658     -0.007791     -0.007581     -0.007806
   89393    20120831      -0.012566      0.005875      0.005303      0.005073
   89393    20120904      -0.063463      0.000683      0.003257     -0.001166
   89393    20120905      -0.017343     -0.000603     -0.000701     -0.001068
   89393    20120906       0.030750      0.019456      0.013690      0.020436
   89393    20120907       0.000176      0.005651      0.006500      0.004050
   89393    20120910      -0.013060     -0.005680     -0.001847     -0.006148
   89393    20120911       0.022175      0.003425      0.004919      0.003135
   89393    20120912       0.000875      0.002643      0.003966      0.002093
   89393    20120913       0.013809      0.015280      0.011218      0.016310
   89393    20120914       0.043448      0.006140      0.008189      0.003959
   89393    20120917      -0.057832     -0.004545     -0.004125     -0.003125
   89393    20120918      -0.016836     -0.001779     -0.000302     -0.001280
   89393    20120919       0.017481      0.001315      0.001816      0.001185
   89393    20120920       0.029804     -0.001935     -0.003646     -0.000541
   89393    20120921      -0.016173      0.000448      0.004987     -0.000075
   89393    20120924      -0.024226     -0.003072     -0.003206     -0.002233
   89393    20120925      -0.045930     -0.010795     -0.009620     -0.010502
   89393    20120926       0.024721     -0.005508     -0.004866     -0.005737
   89393    20120927       0.007618      0.010037      0.009004      0.009649
   89393    20120928      -0.019982     -0.004496     -0.003450     -0.004478
   89393    20121001       0.029574      0.002808      0.002686      0.002652
   89393    20121002       0.007315      0.001179      0.000358      0.000872
   89393    20121003       0.108395      0.002520     -0.000075      0.003624
   89393    20121004       0.065356      0.007665      0.006553      0.007174
   89393    20121005      -0.001650     -0.000144     -0.000816     -0.000322
   89393    20121008       0.104567     -0.003573     -0.003513     -0.003457
   89393    20121009      -0.108704     -0.009778     -0.009101     -0.009891
   89393    20121010      -0.000429     -0.005548     -0.004100     -0.006188
   89393    20121011       0.007328      0.001748      0.004541      0.000195
   89393    20121012      -0.024955     -0.003495     -0.004211     -0.002966
   89393    20121015       0.006629      0.007238      0.004203      0.008078
   89393    20121016       0.019920      0.009928      0.007051      0.010270
   89393    20121017       0.037396      0.005076      0.005617      0.004117
   89393    20121018      -0.016929     -0.002692     -0.003857     -0.002444
   89393    20121019      -0.035333     -0.015629     -0.013002     -0.016571
   89393    20121022       0.044629      0.000194     -0.000217      0.000440
   89393    20121023       0.005009     -0.012913     -0.006968     -0.014444
   89393    20121024      -0.118767     -0.002619     -0.001404     -0.003085
   89393    20121025       0.023160      0.003295      0.002153      0.002996
   89393    20121026       0.131198     -0.001378     -0.001835     -0.000729
   89393    20121031       0.138824      0.002487      0.003479      0.000156
   89393    20121101      -0.019553      0.011187      0.009688      0.010927
   89393    20121102      -0.010169     -0.009744     -0.008756     -0.009379
   89393    20121105       0.017425      0.002246      0.003177      0.002164
   89393    20121106      -0.023901      0.007865      0.006034      0.007853
   89393    20121107       0.017153     -0.021054     -0.017904     -0.023705
   89393    20121108      -0.022013     -0.011558     -0.009589     -0.012205
   89393    20121109       0.025405      0.000938     -0.000526      0.001699
   89393    20121112       0.003723     -0.000220     -0.001908      0.000130
   89393    20121113       0.018137     -0.004151     -0.005841     -0.003985
   89393    20121114       0.002169     -0.014685     -0.015597     -0.013852
   89393    20121115       0.021303     -0.002941     -0.006183     -0.001594
   89393    20121116      -0.007123      0.006190      0.005711      0.004840
   89393    20121119       0.005695      0.019175      0.016544      0.019862
   89393    20121120       0.012774      0.000990      0.000886      0.000663
   89393    20121121       0.007282      0.003116      0.004899      0.002320
   89393    20121123      -0.000602      0.012714      0.010102      0.013026
   89393    20121126      -0.010729     -0.001648      0.001177     -0.002030
   89393    20121127       0.012430     -0.004425     -0.000884     -0.005227
   89393    20121128      -0.010231      0.007487      0.005110      0.007856
   89393    20121129      -0.010337      0.005424      0.008573      0.004270
   89393    20121130       0.004055      0.000261      0.000934      0.000162
   89393    20121203      -0.069881     -0.004218     -0.002069     -0.004745
   89393    20121204       0.140120     -0.001278     -0.001109     -0.001710
   89393    20121205      -0.037843      0.001759     -0.000019      0.001585
   89393    20121206       0.033585      0.002840      0.000757      0.003307
   89393    20121207      -0.002205      0.002525      0.001168      0.002921
   89393    20121210      -0.013724      0.001533      0.002706      0.000338
   89393    20121211       0.015138      0.006150      0.007321      0.006549
   89393    20121212       0.053968      0.000254     -0.000299      0.000448
   89393    20121213       0.020175     -0.005870     -0.004080     -0.006321
   89393    20121214       0.007995     -0.003101      0.000863     -0.004135
   89393    20121217       0.015005      0.010176      0.006517      0.011871
   89393    20121218       0.009935      0.011103      0.009526      0.011487
   89393    20121219      -0.017381     -0.004642      0.000914     -0.007589
   89393    20121220      -0.005092      0.004884      0.004202      0.005488
   89393    20121221      -0.023102     -0.008487     -0.005630     -0.009379
   89393    20121224      -0.012152     -0.002205     -0.002533     -0.002440
   89393    20121226       0.004655     -0.004958     -0.003251     -0.004787
   89393    20121227      -0.001655     -0.000675     -0.001767     -0.001218
   89393    20121228      -0.012928     -0.009273     -0.004132     -0.011050
   89393    20121231       0.036494      0.016421      0.014969      0.016942
   89393    20130102      -0.006264      0.024984      0.024129      0.025403
   89393    20130103       0.049777     -0.001907      0.000471     -0.002086
   89393    20130104      -0.006315      0.005624      0.007408      0.004865
   89393    20130107       0.033553     -0.002554     -0.000448     -0.003123
   89393    20130108      -0.020606     -0.002216     -0.000524     -0.003242
   89393    20130109      -0.012828      0.003400      0.005273      0.002656
   89393    20130110       0.021791      0.006801      0.003862      0.007597
   89393    20130111       0.033571      0.000247      0.000797     -0.000048
   89393    20130114       0.021276     -0.000348      0.000450     -0.000931
   89393    20130115      -0.016966      0.001962      0.001921      0.001129
   89393    20130116      -0.041400     -0.000731     -0.001481      0.000197
   89393    20130117       0.002257      0.005922      0.006769      0.005643
   89393    20130118       0.015046      0.002936      0.002363      0.003403
   89393    20130122      -0.013714      0.005185      0.006150      0.004428
   89393    20130123       0.055720      0.000284     -0.000764      0.001507
   89393    20130124       0.422235      0.000646      0.001533      0.000007
   89393    20130125       0.154569      0.005241      0.002828      0.005445
   89393    20130128      -0.043937     -0.001320      0.000423     -0.001850
   89393    20130129       0.043242      0.003618      0.002765      0.005106
   89393    20130130      -0.008396     -0.003872     -0.004865     -0.003900
   89393    20130131      -0.014669     -0.000787      0.002893     -0.002563
   89393    20130201      -0.002663      0.009280      0.008245      0.010053
   89393    20130204       0.060316     -0.011034     -0.009364     -0.011539
   89393    20130205      -0.002020      0.009256      0.007102      0.010416
   89393    20130206       0.057476      0.001308      0.002338      0.000549
   89393    20130207      -0.013275     -0.002113     -0.002393     -0.001805
   89393    20130208      -0.005452      0.005389      0.003945      0.005658
   89393    20130211      -0.017019     -0.001002     -0.000183     -0.000606
   89393    20130212       0.000337      0.002184      0.003532      0.001595
   89393    20130213       0.046749      0.001387      0.001443      0.000592
   89393    20130214       0.006072      0.000847      0.001613      0.000691
   89393    20130215       0.011270     -0.002002     -0.001715     -0.001045
   89393    20130219       0.036610      0.006938      0.006199      0.007337
   89393    20130220      -0.047493     -0.013310     -0.013073     -0.012404
   89393    20130221       0.000160     -0.007033     -0.007335     -0.006303
   89393    20130222      -0.038953      0.008675      0.007518      0.008773
   89393    20130225      -0.003002     -0.017138     -0.014094     -0.018310
   89393    20130226       0.026600      0.005658      0.003625      0.006109
   89393    20130227       0.001249      0.012262      0.007460      0.012726
   89393    20130228       0.020399     -0.000638     -0.000090     -0.000864
   89393    20130301       0.006859      0.001766      0.001691      0.002324
   89393    20130304      -0.043090      0.003656      0.001139      0.004611
   89393    20130305       0.002870      0.009194      0.007270      0.009566
   89393    20130306       0.006658      0.001660      0.002950      0.001085
   89393    20130307      -0.007543      0.002326      0.004182      0.001816
   89393    20130308       0.017295      0.004894      0.006155      0.004481
   89393    20130311      -0.023010      0.002693      0.002128      0.003249
   89393    20130312       0.009199     -0.001933     -0.001493     -0.002403
   89393    20130313       0.056285      0.000791      0.000158      0.001314
   89393    20130314      -0.020742      0.005948      0.004858      0.005603
   89393    20130315      -0.018687     -0.001519     -0.001282     -0.001618
   89393    20130318       0.004003     -0.005320     -0.002690     -0.005510
   89393    20130319      -0.022738     -0.002900     -0.003544     -0.002423
   89393    20130320       0.009263      0.007238      0.006508      0.006697
   89393    20130321      -0.005791     -0.007556     -0.004430     -0.008282
   89393    20130322      -0.003791      0.005839      0.003328      0.007174
   89393    20130325      -0.002813     -0.003075     -0.001587     -0.003340
   89393    20130326       0.054317      0.007288      0.003350      0.007785
   89393    20130327      -0.001941     -0.000120      0.000679     -0.000588
   89393    20130328      -0.005046      0.004038      0.002917      0.004057
   89393    20130401      -0.036190     -0.005373     -0.007797     -0.004474
   89393    20130402      -0.031464      0.002712     -0.002178      0.005172
   89393    20130403      -0.039334     -0.011847     -0.011644     -0.010546
   89393    20130404      -0.017969      0.003815      0.003704      0.004048
   89393    20130405      -0.012178     -0.003517     -0.001037     -0.004295
   89393    20130408      -0.009717      0.006628      0.004411      0.006303
   89393    20130409       0.038636      0.003707      0.002604      0.003544
   89393    20130410      -0.019426      0.011610      0.011377      0.012189
   89393    20130411       0.041790      0.003194      0.001170      0.003552
   89393    20130412       0.001098     -0.003765     -0.003930     -0.002837
   89393    20130415       0.019053     -0.025563     -0.027340     -0.022966
   89393    20130416      -0.003683      0.014659      0.011702      0.014307
   89393    20130417      -0.036906     -0.014664     -0.013782     -0.014328
   89393    20130418      -0.032711     -0.005704     -0.002351     -0.006701
   89393    20130419      -0.002747      0.009353      0.008028      0.008848
   89393    20130422       0.067332      0.004274      0.003041      0.004662
   89393    20130423       0.244423      0.010138      0.010404      0.010419
   89393    20130424      -0.001244      0.002181      0.004624      0.000006
   89393    20130425      -0.013704      0.004945      0.006175      0.004035
   89393    20130426       0.008421     -0.002469     -0.002953     -0.001842
   89393    20130429      -0.002491      0.007365      0.006471      0.007186
   89393    20130430       0.004916      0.004086      0.003917      0.002485
   89393    20130501      -0.014625     -0.010612     -0.013124     -0.009308
   89393    20130502       0.007421      0.009480      0.009199      0.009408
   89393    20130503      -0.004849      0.010376      0.010755      0.010535
   89393    20130506      -0.012930      0.002555      0.003997      0.001908
   89393    20130507      -0.021074      0.005135      0.004118      0.005230
   89393    20130508       0.011442      0.005021      0.004602      0.004139
   89393    20130509       0.037390     -0.003687     -0.002673     -0.003687
   89393    20130510       0.005933      0.004662      0.005393      0.004322
   89393    20130513       0.053676     -0.000627     -0.000792      0.000043
   89393    20130514       0.020015      0.009344      0.006823      0.010142
   89393    20130515       0.040304      0.003943      0.001770      0.005114
   89393    20130516      -0.026171     -0.004595     -0.002447     -0.005010
   89393    20130517       0.008311      0.009394      0.006531      0.010300
   89393    20130520       0.002301      0.000631      0.004955     -0.000708
   89393    20130521      -0.010269      0.001610      0.001466      0.001722
   89393    20130522      -0.035978     -0.009642     -0.010059     -0.008274
   89393    20130523      -0.010413     -0.002434     -0.000151     -0.002924
   89393    20130524       0.011318     -0.001020     -0.000350     -0.000551
   89393    20130528      -0.063609      0.006286      0.006506      0.006341
   89393    20130529       0.005369     -0.006967     -0.006971     -0.007048
   89393    20130530       0.033993      0.004201      0.005389      0.003670
   89393    20130531       0.016123     -0.013560     -0.009492     -0.014307
   89393    20130603      -0.018917      0.004650      0.002565      0.005936
   89393    20130604       0.015047     -0.005563     -0.004488     -0.005511
   89393    20130605      -0.008211     -0.013396     -0.010458     -0.013780
   89393    20130606      -0.025597      0.008977      0.007730      0.008490
   89393    20130607       0.011390      0.011370      0.005330      0.012832
   89393    20130610       0.003224      0.000190      0.002916     -0.000347
   89393    20130611      -0.029285     -0.010876     -0.009470     -0.010153
   89393    20130612      -0.031801     -0.008124     -0.006721     -0.008370
   89393    20130613       0.037324      0.015043      0.011588      0.014784
   89393    20130614      -0.006500     -0.005371     -0.004604     -0.005885
   89393    20130617       0.071218      0.007177      0.005131      0.007567
   89393    20130618      -0.001745      0.007355      0.006078      0.007791
   89393    20130619       0.015208     -0.013406     -0.009639     -0.013851
   89393    20130620      -0.037837     -0.025742     -0.023687     -0.025010
   89393    20130621      -0.029617      0.001442      0.002747      0.002670
   89393    20130624      -0.005993     -0.012324     -0.014795     -0.012145
   89393    20130625      -0.012523      0.010326      0.009985      0.009497
   89393    20130626      -0.003758      0.008921      0.005205      0.009590
   89393    20130627       0.013531      0.008115      0.011708      0.006200
   89393    20130628      -0.018049     -0.002796      0.001627     -0.004290
   89393    20130701       0.062485      0.006723      0.009141      0.005404
   89393    20130702      -0.012574     -0.001399     -0.002919     -0.000545
   89393    20130703      -0.002484      0.000415     -0.000100      0.000824
   89393    20130705       0.018967      0.009014      0.005947      0.010202
   89393    20130708       0.035540      0.005172      0.003698      0.005252
   89393    20130709       0.061270      0.007716      0.005760      0.007230
   89393    20130710      -0.014399      0.000643      0.002770      0.000182
   89393    20130711       0.001435      0.014621      0.012997      0.013554
   89393    20130712       0.053614      0.002473      0.001028      0.003087
   89393    20130715       0.002795      0.002323      0.005546      0.001375
   89393    20130716       0.009691     -0.003775     -0.001546     -0.003709
   89393    20130717       0.028563      0.002997      0.003696      0.002774
   89393    20130718      -0.005636      0.005450      0.004970      0.005033
   89393    20130719      -0.006884      0.001480      0.000552      0.001610
   89393    20130722      -0.009888      0.002796      0.004195      0.002033
   89393    20130723      -0.044663     -0.001168      0.002073     -0.001852
   89393    20130724      -0.035803     -0.004915     -0.005985     -0.003811
   89393    20130725       0.022545      0.003964      0.005521      0.002556
   89393    20130726      -0.001743      0.000147     -0.001511      0.000828
   89393    20130729      -0.005481     -0.003749     -0.003816     -0.003736
   89393    20130730      -0.004899      0.000410      0.000284      0.000374
   89393    20130731       0.002970      0.000197      0.001750     -0.000136
   89393    20130801       0.018962      0.012243      0.009356      0.012541
   89393    20130802      -0.011802      0.001332      0.000912      0.001640
   89393    20130805       0.031115     -0.000731      0.001899     -0.001480
   89393    20130806       0.008115     -0.006570     -0.006180     -0.005723
   89393    20130807      -0.026143     -0.004526     -0.005628     -0.003806
   89393    20130808       0.004775      0.005441      0.005406      0.003885
   89393    20130809       0.009385     -0.001916     -0.000247     -0.003570
   89393    20130812       0.015232     -0.000139      0.002700     -0.001153
   89393    20130813       0.010094      0.001499     -0.000915      0.002776
   89393    20130814       0.010108     -0.004084     -0.001067     -0.005177
   89393    20130815      -0.032084     -0.012961     -0.011149     -0.014282
   89393    20130816       0.021546     -0.002932     -0.002099     -0.003305
   89393    20130819       0.003515     -0.007095     -0.008153     -0.005900
   89393    20130820       0.052006      0.005670      0.008067      0.003821
   89393    20130821      -0.010685     -0.006157     -0.005252     -0.005780
   89393    20130822      -0.002293      0.009118      0.010541      0.008619
   89393    20130823       0.031918      0.004364      0.003842      0.003947
   89393    20130826       0.015663     -0.002841     -0.000002     -0.004040
   89393    20130827      -0.023628     -0.016292     -0.016842     -0.015874
   89393    20130828       0.026518      0.002623      0.002138      0.002748
   89393    20130829       0.015846      0.003211      0.005360      0.001963
   89393    20130830      -0.013688     -0.004823     -0.007727     -0.003174
   89393    20130903       0.017928      0.004521      0.004639      0.004164
   89393    20130904       0.011868      0.007603      0.007115      0.008117
   89393    20130905       0.009165      0.001815      0.003010      0.001210
   89393    20130906      -0.012097      0.001051      0.002761      0.000054
   89393    20130909       0.008952      0.010840      0.011386      0.009993
   89393    20130910       0.064287      0.007203      0.005425      0.007346
   89393    20130911      -0.015205      0.002748      0.001120      0.003052
   89393    20130912      -0.022361     -0.004001     -0.004229     -0.003380
   89393    20130913       0.014081      0.002661      0.003440      0.002715
   89393    20130916      -0.011418      0.005149      0.003321      0.005693
   89393    20130917      -0.008638      0.004977      0.005434      0.004218
   89393    20130918       0.024604      0.012556      0.011768      0.012178
   89393    20130919      -0.004633     -0.001141     -0.000431     -0.001843
   89393    20130920       0.027274     -0.007310     -0.004424     -0.007217
   89393    20130923      -0.037568     -0.004154     -0.001939     -0.004720
   89393    20130924       0.014733     -0.001216      0.002218     -0.002597
   89393    20130925       0.002121     -0.001667      0.000570     -0.002739
   89393    20130926       0.020740      0.003960      0.003874      0.003485
   89393    20130927      -0.003541     -0.003601     -0.002150     -0.004074
   89393    20130930      -0.010211     -0.004859     -0.002007     -0.006029
   89393    20131001       0.049837      0.008707      0.008695      0.007999
   89393    20131002       0.018822     -0.000694     -0.000280     -0.000667
   89393    20131003      -0.027243     -0.008612     -0.006092     -0.008979
   89393    20131004       0.017220      0.006731      0.005498      0.007053
   89393    20131007      -0.027807     -0.008472     -0.005823     -0.008506
   89393    20131008      -0.049786     -0.013079     -0.012620     -0.012332
   89393    20131009      -0.045945     -0.000452     -0.001969      0.000574
   89393    20131010       0.053961      0.020974      0.017009      0.021830
   89393    20131011      -0.010349      0.006886      0.007900      0.006286
   89393    20131014       0.078152      0.004081      0.003569      0.004075
   89393    20131015      -0.008232     -0.006830     -0.004937     -0.007064
   89393    20131016       0.003693      0.012775      0.009057      0.013828
   89393    20131017       0.022368      0.007750      0.009615      0.006744
   89393    20131018       0.010300      0.006939      0.006116      0.006549
   89393    20131021       0.064438      0.000148      0.000383      0.000092
   89393    20131022      -0.091456      0.005530      0.004015      0.005738
   89393    20131023       0.023924     -0.005297     -0.004769     -0.004725
   89393    20131024       0.002968      0.004037      0.004170      0.003258
   89393    20131025      -0.009628      0.003133     -0.000001      0.004395
   89393    20131028      -0.042773      0.000346     -0.001661      0.001330
   89393    20131029       0.042357      0.004418      0.003409      0.005584
   89393    20131030      -0.027986     -0.005653     -0.007185     -0.004876
   89393    20131031       0.013642     -0.003531     -0.004199     -0.003839
   89393    20131101       0.021040      0.001404     -0.002231      0.002903
   89393    20131104       0.025314      0.004330      0.007257      0.003571
   89393    20131105       0.011552     -0.002999     -0.001942     -0.002806
   89393    20131106      -0.017189      0.003015     -0.000848      0.004266
   89393    20131107      -0.026130     -0.013880     -0.013029     -0.013183
   89393    20131108       0.024598      0.012327      0.009308      0.013428
   89393    20131111       0.008988      0.000993      0.002545      0.000723
   89393    20131112      -0.012370     -0.002247     -0.002888     -0.002370
   89393    20131113       0.004656      0.008521      0.006926      0.008095
   89393    20131114       0.021731      0.004565      0.002579      0.004837
   89393    20131115       0.020988      0.004422      0.005526      0.004222
   89393    20131118      -0.022844     -0.004638     -0.004134     -0.003698
   89393    20131119      -0.013108     -0.003365     -0.004351     -0.002043
   89393    20131120       0.006611     -0.003300     -0.003096     -0.003636
   89393    20131121       0.026449      0.008669      0.009070      0.008129
   89393    20131122      -0.001865      0.004573      0.003700      0.004961
   89393    20131125       0.006871     -0.001431     -0.000255     -0.001263
   89393    20131126       0.014162      0.001066      0.004053      0.000150
   89393    20131127       0.020524      0.002737      0.005455      0.002485
   89393    20131129       0.009131      0.000169      0.003875     -0.000786
   89393    20131202      -0.005139     -0.003649     -0.007152     -0.002719
   89393    20131203      -0.002693     -0.003714     -0.003833     -0.003193
   89393    20131204      -0.018378     -0.000950     -0.000588     -0.001304
   89393    20131205       0.005024     -0.003511     -0.001612     -0.004340
   89393    20131206      -0.010110      0.009669      0.006687      0.011238
   89393    20131209       0.003470      0.001861     -0.000607      0.001817
   89393    20131210       0.020890     -0.002802     -0.002139     -0.003180
   89393    20131211       0.002424     -0.012033     -0.011254     -0.011317
   89393    20131212       0.025688     -0.002561     -0.000698     -0.003771
   89393    20131213      -0.011679      0.001295      0.003054     -0.000101
   89393    20131216      -0.007209      0.006433      0.006875      0.006320
   89393    20131217       0.023368     -0.002338     -0.000097     -0.003101
   89393    20131218       0.003655      0.014483      0.008528      0.016648
   89393    20131219       0.001329     -0.001027     -0.001756     -0.000580
   89393    20131220      -0.002840      0.006897      0.010080      0.004819
   89393    20131223       0.013070      0.006227      0.008646      0.005318
   89393    20131224      -0.005754      0.003466      0.004324      0.002916
   89393    20131226      -0.003859      0.003991      0.002320      0.004745
   89393    20131227      -0.025018     -0.000084      0.001422     -0.000337
   89393    20131230      -0.001388      0.000278      0.000551     -0.000179
   89393    20131231       0.003215      0.004264      0.003915      0.003960