 DATE        PS_LEVEL        PS_INNOV          PS_VWF
19620831    -0.017627253     0.004329826             -99
19620928    -0.004085483     0.013518034             -99
19621031    -0.104229891    -0.072595301             -99
19621130    -0.019620252     0.030973926             -99
19621231    -0.005288012     0.014779172             -99
19630131    -0.055790672     0.011711929             -99
19630228     0.014402543     0.027714666             -99
19630329    -0.023372166    -0.018708041             -99
19630430     0.054126597     0.079976796             -99
19630531     0.003541092    -0.011725728             -99
19630628     0.009591518     0.001493525             -99
19630731     0.014324982      0.02208217             -99
19630830     0.033767399     0.040269337             -99
19630930    -0.007538195     0.021514475             -99
19631031      0.02680561     0.034198811             -99
19631129    -0.053130346    -0.058536018             -99
19631231    -0.020570904     0.015522011             -99
19640131    -0.071359366    -0.053335223             -99
19640228      -0.0247466     0.015097805             -99
19640331     0.031386002     0.043632214             -99
19640430     -0.04066383    -0.026169597             -99
19640528    -0.025722419    -0.004382887             -99
19640630    -0.056559794    -0.008775452             -99
19640731     0.058182491     0.058164328             -99
19640831    -0.048509276    -0.043094792             -99
19640930    -0.008161616     0.014805747             -99
19641030     0.012932947     0.039931642             -99
19641130     0.014885003    -0.002670145             -99
19641231     -0.02672873    -0.011919462             -99
19650129     0.037920508     0.072047655             -99
19650226    -0.016425606     0.023144622             -99
19650331     0.033963327     0.019067504             -99
19650430     0.022358717     0.042222582             -99
19650528    -0.012941827     0.035428562             -99
19650630    -0.163392854    -0.111187643             -99
19650730     -0.08096848    -0.046911716             -99
19650831    -0.034744624     0.074004396             -99
19650930     0.026999793      0.06339633             -99
19651029     0.006197337    -0.023868014             -99
19651130     0.044465972     0.068315807             -99
19651231     0.040876306     0.025279338             -99
19660131     0.039968854     0.023576098             -99
19660228     0.035016761     0.047051044             -99
19660331    -0.066238824    -0.063883028             -99
19660429     0.026812452     0.056813512             -99
19660531    -0.121194404    -0.076515572             -99
19660630    -0.053360838    -0.010266001             -99
19660729    -0.032997534     0.009198933             -99
19660831     -0.10665391    -0.084586746             -99
19660930     -0.08781642    -0.042978226             -99
19661031    -0.206519452    -0.082649112             -99
19661130    -0.054098778     0.051007567             -99
19661230    -0.023814897     0.046242255             -99
19670131    -0.027405442     0.012966038             -99
19670228     -0.07257262     0.016204314             -99
19670331    -0.008628792     0.036748477             -99
19670428    -0.001526762     0.020658866             -99
19670531      0.01392071     0.025726107             -99
19670630     -0.06197855    -0.047058813             -99
19670731    -0.028372898     0.015968752             -99
19670831     0.029069793     0.071247151             -99
19670929     0.023541225     0.031511077             -99
19671031    -0.030537222    -0.040213489             -99
19671130    -0.030663795    -0.009675588             -99
19671229     0.001591165     0.035485418             -99
19680131    -0.021520523     0.003798138    -0.020892751
19680229    -0.034595809     -0.01733886     0.022073532
19680329    -0.116931838    -0.080454396     0.010561832
19680430     0.022450908     0.089860078     0.008742289
19680531    -0.020611245     0.011005298    -0.017811107
19680628     0.008224888     0.034472075     0.000361029
19680730    -0.010495543     0.009661178    -0.036057458
19680830    -0.020198654    -0.006824254     0.005968284
19680930    -0.008706623     0.016133403     0.009866416
19681031     0.006605193     0.027986138    -0.001083318
19681129    -0.000225964     0.017239541    -0.009142032
19681231    -0.028572054    -0.009024849     0.012022735
19690131    -0.033784758    -0.005766206     0.022415343
19690228    -0.025028028     0.012844625      0.05730402
19690328    -0.022565304     0.008310033    -0.015186961
19690430    -0.012528958     0.010760213     0.015200954
19690529     0.011488125     0.047364891     0.008663908
19690630    -0.047358946    -0.037472617     0.057603871
19690731    -0.122444028    -0.089533482      0.03232117
19690829    -0.087129504    -0.043024854    -0.012760972
19690930     0.013156871     0.091116878     0.020723512
19691031    -0.060644336    -0.024919841    -0.059202497
19691128     0.016293009     0.042113344     0.031732891
19691231    -0.019720936     -0.02363484     0.026402553
19700130    -0.110173381    -0.065712456      0.02112288
19700227    -0.081388086    -0.008150809    -0.054682738
19700331    -0.138437526    -0.062706101     0.002420451
19700430    -0.094261287    -0.027728422     0.040201197
19700529    -0.240558562    -0.195324844    -0.077147995
19700630    -0.187612336    -0.135703278    -0.033266361
19700731    -0.013782635     0.065690563    -0.002497175
19700831    -0.066604502     0.008437069     0.000257556
19700930    -0.066822888    -0.012516426     -0.01664897
19701030     0.096239916     0.098049569    -0.015394011
19701130    -0.059825074     -0.04520042     -0.00483046
19701231    -0.073008798    -0.013293658     0.048682921
19710129     0.017755938     0.044598512    -0.046709163
19710226    -0.064480661    -0.036050753    -0.011862921
19710331     0.031698493     0.064201631     0.015863635
19710430    -0.009982746     0.007754405     0.027683706
19710528    -0.019406459    -0.024715318     0.011454419
19710630    -0.044140681    -0.010693655    -0.029699577
19710730    -0.101409812    -0.031374224     0.001183329
19710831     -0.04506365    -0.005692333     0.027211918
19710930     0.019807744     0.062113625     0.005094309
19711029    -0.056367665    -0.011457545     0.040043327
19711130    -0.091977306    -0.035767871     0.007584999
19711231      0.00849982     0.048750427    -0.002679788
19720131    -0.094112914    -0.080538459    -0.033743274
19720229    -0.030595308     0.019060608     0.009939841
19720330    -0.011371745      0.02583327     0.033091154
19720428    -0.002956203     0.019502024     0.015085179
19720531    -0.064446317     -0.04163036    -0.001481258
19720630     0.006107311     0.005104628     0.013726388
19720731     -0.08958325    -0.065794837     0.016229716
19720831     0.014350504     0.024036248    -0.031049819
19720929    -0.018951562     0.027301592    -0.014889735
19721031    -0.039857779    -0.021931358    -0.015453609
19721130    -0.016865767    -0.030714332    -0.007762048
19721229    -0.073530578    -0.034008861     0.008821112
19730131    -0.056352759    -0.025787642    -0.014858086
19730228    -0.048319001     0.027998998     -0.01091379
19730330    -0.030718751    -0.012959573    -0.012799924
19730430    -0.040650607    -0.009006678     0.023191603
19730531     -0.11566844    -0.063306993     -0.00294238
19730629    -0.199889288      -0.1628228    -0.032431208
19730731    -0.096582013    -0.007829905     0.002582805
19730831    -0.097435637    -0.027261665     0.015779524
19730928    -0.121543296    -0.000195873     0.017045213
19731031    -0.053238019     0.024603645     -0.04302758
19731130    -0.300163745    -0.237248707    -0.026586581
19731231     -0.13413745     -0.07969148     -0.01694581
19740131    -0.162189172    -0.068522015     0.101318032
19740228    -0.120028221    -0.053952099     0.039670348
19740329    -0.001286667     0.114782915     0.043549255
19740430    -0.041920825     0.001540172     0.022131511
19740531    -0.101753842     -0.08234276     0.061045419
19740628    -0.069363139    -0.063239454    -0.007755686
19740731    -0.231121871    -0.134903017     -0.00460426
19740830    -0.101842067    -0.061848872    -0.031422272
19740930    -0.110298281    -0.066303121     0.023200311
19741031    -0.085646798     0.007671151    -0.073523006
19741129    -0.083564545     0.034235651    -0.025351189
19741231    -0.104666031     -0.04187772     0.019079861
19750131    -0.113622803    -0.075424434      0.10827995
19750228    -0.075727911     0.019193594     0.037053744
19750331    -0.130484163     0.006199635     0.060094361
19750430       0.0000797          0.0352     0.001324092
19750530    -0.066735432    -0.011360433    -0.028674225
19750630     0.023377436     0.025731486     -0.01416778
19750731    -0.059402694     -0.02601472    -0.007415209
19750829    -0.127523121    -0.119653447    -0.010687388
19750930    -0.089978793    -0.051567425    -0.015319912
19751031    -0.064972768     0.026099338     0.089329308
19751128     0.007609221     0.028475208      0.03543367
19751231    -0.024581841    -0.019816013    -0.000583791
19760130    -0.060278465    -0.032744401      0.01834159
19760227    -0.018513659     0.052507215    -0.041167573
19760331    -0.018564972     0.009167016    -0.014990479
19760430    -0.030321213     -0.04855381    -0.020685058
19760528       -0.090128    -0.086347506    -0.039714108
19760630    -0.064945927    -0.021630936     -0.00685273
19760730    -0.091403456    -0.053078799    -0.027958705
19760831     -0.01440666     0.032898463     0.016883907
19760930    -0.037756972     0.018577438    -0.015789182
19761029    -0.087291914    -0.043040041     0.005868334
19761130    -0.081945316    -0.021019982    -0.025099939
19761231    -0.025285674     0.056045864    -0.011312188
19770131    -0.062479771    -0.044396287    -0.031305555
19770228    -0.000435197       0.0378341    -0.010064777
19770331    -0.056292351     0.032783493     0.010646436
19770429     -0.01072424    -0.008742257    -0.027604596
19770531     -0.03332807    -0.012656626     0.015943407
19770630    -0.008645491     0.018342665     0.022449209
19770729    -0.048158005    -0.012514955     0.001167172
19770831      -0.0475812     0.006698488     0.030713639
19770930    -0.047210173    -0.018549361     0.011497574
19771031    -0.033288915    -0.000634103     -0.01304346
19771130    -0.012713391     0.029737548     0.004861031
19771230     0.019317685     0.035422964    -0.006193707
19780131    -0.042218779    -0.005616264     0.005290181
19780228    -0.019297252     0.014697279    -0.001978663
19780331    -0.010491407     0.004328131     0.016379695
19780428      -0.0078029      0.02059525     0.034562452
19780531     0.018013515     0.023199975     0.011628716
19780630     0.010747892     0.015144659     0.009079551
19780731    -0.043481563    -0.034010696     0.027464859
19780831     0.020908268     0.038789602    -0.001042025
19780929    -0.005565764    -0.010369226    -0.026364863
19781031    -0.108156643    -0.099687458     0.044412279
19781130    -0.075025642    -0.029332657    -0.035608554
19781229    -0.033950702     0.037576127      0.00197454
19790131    -0.014406977     0.025665494    -0.009835082
19790228     -0.03296287     0.008747586    -0.028181332
19790330    -0.043782043     0.023051063    -0.005569935
19790430     0.004782129      0.05623798     0.016530843
19790531    -0.080995007    -0.045452248    -0.021702713
19790629    -0.011874814     0.025413912    -0.016358543
19790731     0.022647808     0.062029789    -0.015944995
19790831     0.013034643     0.037575033     0.015613965
19790928    -0.074245626    -0.061737201    -0.013033767
19791031    -0.154441152    -0.101492975     0.002306348
19791130    -0.038538297     0.009365643    -0.066105338
19791231    -0.009221364     0.025513345    -0.017383095
19800131    -0.059578401    -0.018066132      0.00089557
19800229    -0.097828472    -0.040859355      0.01817804
19800331    -0.141922484    -0.085166338     0.029781926
19800430    -0.051168402    -0.028418162    -0.010888514
19800530     0.032840945     0.079951336    -0.008177903
19800630     -0.01566578     0.003413082     0.011048867
19800731    -0.035191893    -0.014703242    -0.008407886
19800829     0.007234324     0.054458657     0.012491962
19800930    -0.047583092    -0.016202921     0.015072075
19801031    -0.012388416     0.037165584     0.026773995
19801128    -0.024230795     0.004171175     0.028132125
19801231    -0.056394536    -0.011585119     0.027974165
19810130     -0.02295443      0.00547084     0.039945278
19810227    -0.007594046     0.002154298     0.000607384
19810331    -0.021365687     0.015277722     0.017587569
19810430    -0.028108019     0.011783216    -0.013760098
19810529     0.007373008     0.030297326     -0.02082504
19810630     0.001685314     0.032161338     0.057371684
19810731    -0.017633546     0.012586856    -0.015741844
19810831    -0.076556277    -0.041834649    -0.004098361
19810930    -0.152823526    -0.118451968     0.094349929
19811030     -0.04560095       0.0000501     -0.02065542
19811130    -0.031551085    -0.012274206     0.062938763
19811231    -0.023609596     0.028456489     -0.00073682
19820129    -0.069967468    -0.057251401    -0.021258595
19820226    -0.122290156    -0.079460804    -0.012945841
19820331     -0.03094834     0.011142533     0.041993687
19820430     0.004820028     0.044880594    -0.023657884
19820528    -0.002518959    -0.006595141      0.02927402
19820630    -0.012278994     0.022328165     0.049721082
19820730     0.012591081     0.019053861    -0.015766171
19820831    -0.057557817    -0.034920996     -0.00530724
19820930    -0.025629974     0.026596994     0.043580276
19821029    -0.041616836    -0.005158785    -0.040512303
19821130    -0.004942483     0.029489383     0.008891345
19821231     0.000640026     0.030880102    -0.030748144
19830131    -0.029697305     0.003366009    -0.054076718
19830228     0.008459778     0.041009499    -0.030304071
19830331    -0.047792845    -0.025347509     0.040400903
19830429    -0.004349244     0.027564849      0.03818274
19830531    -0.079088809    -0.045962374     0.020175932
19830630    -0.000570436     0.053115497     0.000324873
19830729    -0.048127228    -0.025471977     0.048484505
19830831    -0.040696121    -0.006752559     0.043086275
19830930    -0.023968404     0.026731913     0.011669056
19831031     0.035982672     0.063620573     0.055823013
19831130     0.014443808     0.051649701    -0.073641953
19831230     -0.03257912     0.016941552      0.04896063
19840131    -0.025235768    -0.003335682     0.066812216
19840229    -0.042120287    -0.025769998     0.007606859
19840330    -0.009820677     0.032249084     0.004704511
19840430    -0.084359871    -0.046253021     0.008343428
19840531     0.006224684     0.047180361     0.023845812
19840629    -0.016115448     0.025731786    -0.004010062
19840731    -0.025851919     0.014292884     0.017499924
19840831     0.002582936     0.034870149    -0.027393686
19840928    -0.017693605     0.013198886     0.025093085
19841031    -0.031042883    -0.011162326    -0.005784124
19841130    -0.002790881     0.007909597     0.015994611
19841231     -0.03456874     0.000379461    -0.004252622
19850131    -0.008422875     0.019419664    -0.018037667
19850228    -0.014163286     0.007491112     0.028679288
19850329     0.007210328     0.009086131     0.034412572
19850430     0.009185502     0.031304041     0.036089881
19850531    -0.000123605     0.024587168    -0.008777796
19850628    -0.006800566    -0.000319905     0.004329084
19850731     -0.01838076     0.026724696    -0.011624845
19850830     0.028969314     0.038606551     0.026345253
19850930    -0.022411428    -0.008583819     0.010978402
19851031    -0.016608705    -0.008903146     0.049047925
19851129    -0.002016276     0.027579112     0.004979427
19851231    -0.011356579     0.029481786    -0.020272355
19860131    -0.065521789    -0.031453528     0.020310596
19860228    -0.009211296     0.021990149     0.000746023
19860331     0.007951281     0.045464234     0.036785814
19860430      0.02938251      0.02563767    -0.002574359
19860530     0.004684973     0.021890276     0.022069214
19860630    -0.069847688    -0.062228739     0.049948474
19860731    -0.004261169     0.021554735    -0.012519464
19860829    -0.026201335     0.013623837    -0.021968976
19860930    -0.005347399    -0.023771383     0.045120117
19861031     0.040146295     0.065702603     0.018103755
19861128     0.016574595     0.023468427    -0.029526194
19861231      0.01129851     0.035060125    -0.007154495
19870130     -0.02906233    -0.007357871    -0.071797072
19870227     0.005439631     0.027559163    -0.039791198
19870331    -0.023641863     0.018401441    -0.017137196
19870430    -0.126322684    -0.107446015    -0.040554407
19870529     0.005895904     0.033152905     0.009954667
19870630     0.008100339     0.057942326     0.026701148
19870731     0.016391733    -0.028166787     0.004478087
19870831    -0.002212639     0.015711316    -0.056095233
19870930     -0.03012279    -0.038600252     0.002251011
19871030    -0.461006635    -0.383662932     0.055070917
19871130    -0.024268475    -0.068996749    -0.017544224
19871231    -0.102085889    -0.025479052     0.001863272
19880129     -0.11093769    -0.072309596     0.039317918
19880229    -0.033424961     0.063458975     0.002018731
19880331    -0.030570298     0.026668561    -0.021569006
19880429     0.008880095     0.030690026    -0.023085767
19880531     -0.06853687     0.000254019    -0.003307423
19880630     0.007002899     0.020837496    -0.012415975
19880729     0.016833663     0.033711459    -0.011189013
19880831    -0.025814135     0.027822699     0.034155783
19880930    -0.022907456     0.003661762     0.014297748
19881031    -0.043188866     0.004898392     0.026170001
19881130    -0.065589906     -0.00606816    -0.001175243
19881230    -0.024276894     0.003143747    -0.043138658
19890131     0.018213379     0.075675756    -0.008319581
19890228    -0.002578876     0.013998616    -0.001678006
19890331     0.000236276     0.009083135      -0.0143366
19890428    -0.021552196    -0.001303011    -0.018021858
19890531      0.04316472     0.050084835    -0.035934379
19890630    -0.003383504       0.0026972     0.068106821
19890731     0.017373333     0.026174603     0.025053568
19890831    -0.084886662    -0.051642788     0.008166585
19890929     0.027785413     0.018067142    -0.050696227
19891031    -0.157862003    -0.111877975     0.024637567
19891130    -0.009830392     0.018732196    -0.019318743
19891229    -0.021630182     0.008953594     0.022149687
19900131    -0.023188345     -0.00317674    -0.036649133
19900228    -0.004558274       0.0276916    -0.031401087
19900330    -0.022161198     0.036681809    -0.025729537
19900430     0.010490197      0.01121594     0.060966021
19900531      0.01134741     0.011929981    -0.010024433
19900629     0.002401438    -0.000700673     0.025880858
19900731    -0.031723661    -0.012894552     0.052746136
19900831     0.029455321      0.01373066     0.044896617
19900928    -0.015681689     0.063635125     0.023601792
19901031     0.053710324     0.050336888    -0.016002993
19901130     0.030115084     0.017113654    -0.014972433
19901231    -0.055580246    -0.031063869    -0.036438611
19910131     0.038957556      0.02316779    -0.092496842
19910228    -0.021173361    -0.036094046    -0.019065636
19910328    -0.026115824    -0.022396921     -0.00565914
19910430     0.006464405     0.045866301     0.021332493
19910531    -0.005935594     0.001650271    -0.007937645
19910628     0.041703164     0.051737254     0.028188804
19910731    -0.001286557     0.005157236     0.016337539
19910830    -0.016937894    -0.018415096    -0.016850326
19910930    -0.014476074     0.018481751     0.008629862
19911031    -0.019230826     0.021995931     0.019709287
19911129     0.027519208    -0.001093914     0.043711976
19911231    -0.053449023    -0.072279376    -0.047669812
19920131    -0.061425156    -0.035475474    -0.075784777
19920228    -0.039232388     0.011515941    -0.045745348
19920331    -0.038446768     0.018410595    -0.001307503
19920430     0.034613378     0.047972056    -0.004842522
19920529     0.001332154     0.052961839    -0.002338965
19920630      0.06708421     0.010060596     0.018128151
19920731    -0.037047206    -0.048685973     0.024990333
19920831    -0.004850838     0.007075158     0.049691933
19920930     0.012378035     0.033674338    -0.021590501
19921030    -0.059856137    -0.053490898    -0.018761888
19921130     0.001799606     0.035724457    -0.053319412
19921231     0.008335823     0.023044173    -0.027755889
19930129     0.004793756     0.035990455     0.002231555
19930226    -0.025149349    -0.000390723     0.071160785
19930331    -0.037351563    -0.007987274    -0.024666759
19930430     0.003013333     0.033204979     -0.01648798
19930528    -0.014525489     0.015438707     0.042099986
19930630    -0.018419991     0.012043315    -0.023109952
19930730    -0.018657929     0.007682867    -0.010058215
19930831     0.040883184     0.024822042     0.023149207
19930930     0.025076743     0.033712464    -0.074210062
19931029     0.004300488     0.013994992     0.040338968
19931130     0.015118459      0.02899932     0.045241648
19931231     0.049952542     0.031533691     0.007926338
19940131     0.038801443     0.070712339     0.000796625
19940228      -0.0510396    -0.037355624     0.013685742
19940331     -0.01537955    -0.007528483     0.029861778
19940429    -0.074834533    -0.050434458     0.005672995
19940531    -0.039017867     0.000521591     0.037436468
19940630    -0.078480108    -0.033569676     0.000646169
19940729      0.01187593     0.063894302    -0.010430232
19940831    -0.017373587     0.036107482     0.004915969
19940930      0.02063491     0.017130663     0.032971687
19941031     0.030068673     0.034664929     0.009489096
19941130    -0.014579924    -0.043555208     -0.02054014
19941230    -0.029581709    -0.006693127     0.014423444
19950131     0.022103692     0.065457467     -0.03312464
19950228     0.023434808     0.025451307     -0.00654361
19950331     0.009981359    -0.010425748     0.015677025
19950428     0.031559674     0.052883629     0.012861652
19950531    -0.002283063     0.005258192    -0.005838499
19950630    -0.026107394    -0.030988266     0.007562332
19950731     -0.00698546     0.014177627     0.051136669
19950831    -0.003340614     0.020318646    -0.009205476
19950929    -0.027817991    -0.022140838    -0.076328647
19951031    -0.004928347     0.010898302     0.029354743
19951130     0.031899101     0.062495922    -0.021928347
19951229    -0.063118465    -0.026417014    -0.035217317
19960131    -0.015917585    -0.005147562     0.068303622
19960229     0.024217896     0.076090646     0.040827681
19960329    -0.052205155    -0.044127806    -0.041256056
19960430    -0.024346542     0.019907458    -0.048539572
19960531     0.008760001     0.019623546    -0.021148993
19960628    -0.013614175    -0.009048063    -0.053235092
19960731    -0.024604644      0.00307598     0.004242469
19960830     0.080346298     0.103300487     0.006779258
19960930     0.000394284    -0.022146413    -0.022468764
19961031    -0.002517787    -0.025784944    -0.008711644
19961129    -0.008325612    -0.018469127     0.071618681
19961231     0.024150984     0.037178287    -0.041673242
19970131    -0.016954861     0.059934439    -0.037304644
19970228     0.002704978    -0.013798203    -0.035047168
19970331    -0.007689106     0.018269179     0.016797571
19970430         0.01668     0.019633819     0.062034333
19970530     0.027222343     0.044621396     0.012049407
19970630    -0.009755005     -0.00444217     0.008813396
19970731    -0.007683293     0.003745745      0.02967413
19970829    -0.056921287    -0.009104086    -0.011992877
19970930    -0.027802411     0.035031639    -0.022254505
19971031    -0.170918477    -0.109317713    -0.002537659
19971128     0.023458419      0.07253779     0.050539097
19971231    -0.023220232     0.028644454      0.01364372
19980130    -0.043521787    -0.070469286      0.02036179
19980227    -0.120430847     0.001336901     0.077154779
19980331     -0.04784806    -0.007611912    -0.019057027
19980430     0.040129756     0.100094128     0.010359594
19980529     0.006825743     0.013695931    -0.002607431
19980630    -0.055639416    -0.028767595      0.02812121
19980731    -0.043700248     0.003048159     0.023304027
19980831    -0.063688671    -0.004453825    -0.019523392
19980930    -0.282237271     -0.27072028     0.047097161
19981030    -0.044779889     0.063952554      0.00189106
19981130     0.046680218     0.116763883      -0.0130966
19981231    -0.153010845    -0.106059054    -0.002759102
19990129     0.064080205     0.066701998    -0.002940713
19990226    -0.086384224     -0.06245554     0.024047068
19990331    -0.069214439     -0.00275951    -0.031435202
19990430     0.201014879     0.287254783     0.103512548
19990528    -0.134861572    -0.141142757    -0.006097639
19990630     0.061001627     0.068818019    -0.003450915
19990730      0.08139654     0.058059698    -0.009438872
19990831     0.045374931    -0.017477267    -0.002948515
19990930    -0.047583221    -0.068586515     -0.07373219
19991029     0.102308002     0.092740747     0.107359057
19991130     0.002565375    -0.036691859     -0.00871162
19991231    -0.076955442    -0.084168277    -0.025026388
20000131    -0.067931978     -0.04485703     0.015269988
20000229    -0.037527186    -0.006958073     0.010715047
20000331    -0.004191314     0.112304569    -0.000534409
20000428    -0.224257305    -0.219185051    -0.042483813
20000531     0.057881525     0.079455912    -0.031398799
20000630    -0.180084977    -0.154892102    -0.032265618
20000731     0.048942903    -0.060634885     0.109318836
20000831    -0.071211337     0.005147132    -0.015477673
20000929    -0.165517654    -0.126639078    -0.038164096
20001031     -0.13128308     0.006356992     0.020574538
20001130    -0.158426987    -0.136029526    -0.044313948
20001229     0.094589604     0.060442668      0.00668651
20010131    -0.121497554    -0.029100569     0.066018743
20010228    -0.049624217    -0.064790668      0.04707572
20010330    -0.055132384     0.026769729     0.073044584
20010430    -0.071088403     0.096706104     0.002068003
20010531      0.09925411     0.114937258     0.029494791
20010629     0.018838223     0.089573006    -0.001710271
20010731    -0.057640525    -0.009654186      0.03623633
20010831    -0.059307558     0.055725447     0.047512327
20010928    -0.037630875    -0.117466396    -0.101399965
20011031      0.06931297     0.100755433     0.028653752
20011130      0.02628871    -0.002899527      0.03566187
20011231     0.011857823     0.056979901     0.070008176
20020131    -0.066399823    -0.010170718    -0.011841107
20020228     -0.01284942    -0.010279509     0.017706574
20020328     0.062434571     0.029778605     0.087529161
20020430    -0.107336654    -0.028517742     0.050817988
20020531    -0.034168697    -0.043370811     0.050394959
20020628     -0.11681619    -0.057420583     -0.01158374
20020731    -0.049831681     0.003362173    -0.050440175
20020830    -0.013360102    -0.000534059     0.003768687
20020930    -0.170705069    -0.098490432    -0.008556524
20021031    -0.333629091    -0.149481119     0.032631403
20021129    -0.034881013     0.035928055     0.029838635
20021231    -0.169124756     0.003522953    -0.011773698
20030131    -0.084675115    -0.080426521     -0.02958649
20030228    -0.039299441    -0.036035158    -0.004041847
20030331    -0.107634796    -0.067072071    -0.002506616
20030430    -0.048785918    -0.003539727     0.060056668
20030530       0.0243809     0.019635448     0.014669537
20030630    -0.018698792     0.000298266    -0.017400554
20030731    -0.030032575     0.023700674     0.065307777
20030829     0.014239756     0.027267585     0.014306659
20030930    -0.106193949    -0.033990625     0.015790229
20031031    -0.041137112     0.004873255     0.022865078
20031128    -0.033497657    -0.005702733    -0.010819425
20031231    -0.019514244      0.04474467    -0.004928653
20040130    -0.108782883     -0.02136896    -0.047587744
20040227    -0.036674018    -0.057250305     0.021852395
20040331     0.020610232     0.070810051     0.018387516
20040430     -0.04982395     0.014634511       0.0000983
20040528     0.002389608    -0.015858714    -0.001193774
20040630      0.05725297     0.109735318     0.021264492
20040730    -0.032610132    -0.001233416     0.065259098
20040831    -0.002729541     0.033217282     0.060951974
20040930    -0.042488394    -0.008770525      0.00226814
20041029     0.023002051      0.02959354    -0.002103317
20041130    -0.012465145     0.027717674     0.005054624
20041231    -0.071758316    -0.031150904    -0.028038522
20050131    -0.007269829     0.006791776     0.032767077
20050228    -0.054691204    -0.002535481     0.044091417
20050331    -0.019307245     0.003017592     0.001348217
20050429    -0.127099614    -0.097115094    -0.049221959
20050531      0.00535905     0.052101615      0.00409488
20050630      0.00692278     0.084084793     0.049122167
20050729     0.044920157      0.04372597     0.023835346
20050831    -0.002211558     0.015914558     0.014052076
20050930    -0.025552418    -0.018491211     0.022321308
20051031    -0.062892028    -0.001876679     -0.03792053
20051130     0.134073271     0.103926028     0.008729196
20051230    -0.034083477     -0.07668953    -0.008507948
20060131    -0.058987315    -0.051055821     0.052585977
20060228    -0.057830758    -0.037205599     -0.01134938
20060331    -0.008709666     0.035863466     0.002352572
20060428    -0.065581594     0.020476481     0.003982331
20060531     0.049111115      0.10067864     0.016798496
20060630    -0.069104532     0.062884171     0.013641451
20060731     0.034366228      0.00286406     0.038411902
20060831      0.01089354    -0.043379332    -0.026419879
20060929    -0.080612087    -0.045339328     0.007517736
20061031     0.031744285     0.058987449     0.044257342
20061130    -0.012974425     0.039332131     0.018347459
20061229     0.026641222      0.02391602    -0.015139864
20070131     0.042704924     0.015612421     0.015376235
20070228     0.002368974     0.045691099     0.042297378
20070330    -0.034428903    -0.023463846     0.015701403
20070430    -0.010771593     0.009612918     0.005811386
20070531     0.053820409     0.071574505    -0.018217697
20070629      0.06769885     0.085620102     0.039795095
20070731    -0.008159848    -0.024861826     0.002112508
20070831    -0.151039652    -0.194371888    -0.011616469
20070928    -0.050594633    -0.034889696     0.034954087
20071031    -0.188882629    -0.043055477     0.017363851
20071130    -0.155189401    -0.018156162     -0.00492851
20071231    -0.025413119     0.028833215     0.013592084
20080131     -0.16037892    -0.058891956    -0.030124161
20080229     0.085976669    -0.008786793    -0.012187483
20080331    -0.285249633     -0.15111374       0.0265656
20080430     0.038078341     0.126195669     0.060669337
20080530    -0.014598591    -0.016005045     0.046836683
20080630    -0.111848927    -0.045543753      0.04509174
20080731    -0.176798737    -0.065161266    -0.057641314
20080829    -0.008383772     0.019174844    -0.006266196
20080930    -0.077545955      -0.2218006    -0.044317655
20081031    -0.238604531    -0.064582248    -0.099404023
20081128     0.068121079     0.126422091    -0.039448832
20081231    -0.303601536    -0.194392868    -0.003876525
20090130    -0.075240173    -0.182675651     0.210072741
20090227    -0.043236878      0.02468857     0.119711435
20090331    -0.096445214    -0.029331108    -0.094378073
20090430    -0.094681658    -0.040764995    -0.059392622
20090529    -0.064766613     0.072208321    -0.015492929
20090630    -0.040526684     0.017881864    -0.026897765
20090731     0.078367287     0.040636497     0.010199579
20090831     -0.02573635    -0.012054177    -0.086484927
20090930     0.009865995     0.065444828     0.092889193
20091030    -0.059164418      -0.0444638     0.057852225
20091130     -0.03354707     -0.00443934    -0.004055897
20091231     0.121220367     0.001484412     0.059339848
20100129     0.060304102     0.111961839    -0.036675351
20100226     0.017741358     0.036377596     0.007508379
20100331     0.017587213     0.030069819    -0.065201322
20100430    -0.046535967    -0.035176686    -0.007978192
20100528    -0.075339906    -0.019165607    -0.011669639
20100630    -0.060501484     0.007704458     0.016176701
20100730    -0.008153647      0.00750604     0.044285423
20100831     0.014978773     0.026620437     0.068833163
20100930    -0.033602421     0.082418568     0.044047931
20101029    -0.044943401    -0.052003539     0.051353698
20101130    -0.011305292     0.006507633     0.025923646
20101231     0.021312914     0.070412784    -0.019330793
20110131    -0.006743961      0.00101555     0.002904069
20110228    -0.011283194     0.006115159     0.011346816
20110331    -0.031546939     -0.01268217      0.03206399
20110429     0.013734044     0.024559533    -0.006472436
20110531     0.018578082     0.022982525    -0.010938294
20110630    -0.009129531     0.028004852    -0.001502524
20110729    -0.022752383      0.00773938     0.019813641
20110831    -0.058754623    -0.052825482    -0.042288497
20110930     0.025495592     0.048615398    -0.075368937
20111031    -0.045890671     0.020107629     0.078267712
20111130    -0.094145647    -0.023966739     0.027003892
20111230     0.008947916     0.051970612    -0.067774657
20120131     0.019560934     0.052429547    -0.023426706
20120229     0.031888505     0.010828742     0.019621765
20120330    -0.018776984    -0.006336692    -0.073605333
20120430      0.00927524    -0.012390436     0.002535687
20120531     0.083093785    -0.005861755    -0.016857022
20120629     0.017916217    -0.000111304    -0.000434039
20120731     0.016491404     0.102225756     0.002928652
20120831    -0.041707502    -0.021347842    -0.011518036
20120928     0.047363448     0.039034689    -0.005335169
20121031    -0.033238034    -0.040995666     -0.00865484
20121130     -0.01284775    -0.056341699    -0.001776169
20121231     0.010393307     0.031089589     0.008346476
20130131     0.015600185     0.028627651    -0.023810106
20130228    -0.025118423    -0.014757569    -0.020213601
20130328     0.025632534     0.074142427     0.026199448
20130430    -0.001288189     -0.01200038    -0.037837839
20130531     0.013053265     0.030022216    -0.012831654
20130628    -0.003605311     0.053609247    -0.008934466
20130731    -0.019082708      0.00957157     0.005910441
20130830    -0.037169342     0.006145171     0.023470244
20130930    -0.038915088    -0.020945362    -0.004690482
20131031     0.052477499     0.096861762    -0.006858544
20131129    -0.088081651     0.021478379    -0.038972725
20131231     0.029965256     0.017571482    -0.005347073